cluster1edge:(12,206) (13,207) (14,207) (15,208) (16,209) (17,210) (18,211) (19,212) (19,211) (18,210) (17,209) (18,208) (19,208) (20,208) (21,208) (22,208) (21,207) (22,206) (21,205) (20,204) (19,203) (18,203) (17,203) (16,203) (15,203) (14,204) (13,205) 
cluster2edge:(18,196) (19,196) 
cluster3edge:(29,41) (29,42) 
cluster4edge:(30,45) (31,46) (32,47) (33,48) (34,47) (33,46) (33,45) (33,44) (32,43) (31,44) 
cluster5edge:(50,139) (51,140) (52,140) (53,141) (54,141) (55,142) (54,143) (53,143) (52,143) (53,144) (54,145) (54,146) (55,145) (56,145) (57,144) (57,143) (58,142) (57,141) (56,140) (55,139) (54,138) (53,138) (52,138) (51,138) 
cluster6edge:(59,282) (59,283) (60,283) (61,283) (62,283) (63,283) (64,283) (64,282) (64,281) (63,282) (62,281) (61,281) (60,281) 
cluster7edge:(62,182) (63,182) 
cluster8edge:(75,191) (76,192) (77,192) (78,192) (79,192) (80,193) (79,194) (78,194) (77,194) (76,194) (75,195) (76,195) (77,195) (78,195) (79,195) (80,195) (81,194) (82,195) (83,194) (84,195) (85,194) (86,194) (86,193) (87,192) (88,192) (89,191) (90,191) (91,190) (92,189) (92,188) (91,187) (92,186) (91,185) (92,184) (92,183) (93,182) (94,182) (95,181) (96,182) (97,181) (98,182) (99,181) (100,181) (101,181) (102,180) (103,181) (104,181) (105,181) (106,181) (107,180) (108,179) (107,179) (106,178) (106,177) (105,177) (104,177) (103,177) (102,178) (101,178) (100,179) (99,180) (98,180) (97,179) (96,178) (96,177) (95,176) (94,175) (93,175) (92,175) (91,175) (90,176) (89,175) (88,175) (87,176) (87,177) (87,178) (86,179) (85,180) (85,181) (84,182) (83,182) (82,183) (81,184) (80,185) (79,186) (78,187) (77,187) (76,188) (77,189) (76,190) 
cluster9edge:(81,169) (81,170) (81,171) (81,172) (81,173) (81,174) (82,175) (83,174) (84,173) (85,172) (86,172) (85,171) (85,170) (85,169) (84,168) (83,169) (82,168) 
cluster10edge:(85,200) (86,200) 
cluster11edge:(89,201) (90,202) (91,203) (91,204) (92,205) (93,204) (94,205) (95,205) (96,205) (97,204) (98,203) (98,202) (98,201) (97,200) (96,199) (95,199) (94,199) (93,200) (92,199) (91,200) (90,200) 
cluster12edge:(93,71) (94,71) 
cluster13edge:(94,195) (94,196) (95,196) (96,196) (97,197) (98,197) (99,197) (100,197) (99,196) (98,195) (97,195) (96,194) (95,195) 
cluster14edge:(97,43) (97,44) (97,45) (98,45) (99,44) (98,44) 
cluster15edge:(97,78) (98,79) (97,80) (98,81) (99,82) (100,83) (101,84) (102,85) (103,86) (104,87) (105,86) (106,87) (106,88) (107,87) (108,88) (109,88) (110,88) (111,87) (111,86) (112,85) (112,84) (111,84) (110,83) (109,83) (108,83) (107,82) (106,82) (105,82) (104,81) (104,80) (105,79) (104,78) (105,77) (104,77) (103,77) (102,77) (101,77) (100,77) (99,77) (98,77) 
cluster16edge:(98,64) (98,65) (99,65) 
cluster17edge:(103,293) (103,294) (104,294) (105,295) (106,294) (106,293) (106,292) (105,293) (104,293) 
cluster18edge:(106,33) (107,34) (108,35) (109,36) (109,37) (110,38) (110,39) (111,39) (112,40) (112,41) (113,41) (114,41) (115,41) (116,42) (117,43) (118,43) (119,43) (120,43) (121,43) (122,43) (123,43) (124,43) (125,43) (126,44) (125,45) (124,45) (125,46) (126,46) (127,46) (128,47) (129,47) (130,47) (131,46) (132,46) (133,46) (134,46) (135,46) (136,46) (137,47) (138,47) (139,47) (140,48) (141,48) (142,48) (143,48) (144,47) (143,47) (142,46) (143,45) (144,45) (145,45) (144,44) (143,44) (142,44) (141,43) (142,42) (143,41) (142,41) (141,41) (140,41) (139,40) (140,39) (141,39) (140,38) (141,37) (142,37) (143,37) (144,37) (145,36) (144,36) (143,36) (142,36) (141,36) (140,36) (139,36) (138,35) (139,34) (138,33) (137,34) (136,35) (135,36) (134,37) (133,36) (132,36) (131,36) (130,37) (129,36) (128,35) (127,34) (126,33) (125,32) (124,33) (123,32) (122,33) (121,32) (120,32) (119,32) (118,31) (117,31) (116,31) (115,30) (114,31) (113,30) (112,29) (111,30) (110,30) (109,30) (109,31) (108,32) (107,33) 
cluster19edge:(107,119) (108,120) (107,121) (108,122) (108,123) (109,124) (109,125) (110,126) (111,127) (112,128) (113,127) (114,128) (115,129) (116,129) (117,128) (116,128) (115,127) (116,126) (117,126) (116,125) (116,124) (117,123) (118,123) (118,122) (117,121) (116,121) (115,120) (116,119) (115,119) (114,118) (113,117) (112,117) (111,117) (110,117) (109,117) (108,118) 
cluster20edge:(116,133) (117,133) 
cluster21edge:(117,163) (118,164) (119,164) (120,164) (121,164) (121,163) (122,162) (121,161) (120,160) (119,161) (118,162) 
cluster22edge:(117,239) (118,239) 
cluster23edge:(126,179) (127,180) (128,181) (129,180) (128,179) (127,179) 
cluster24edge:(129,254) (130,254) 
cluster25edge:(137,85) (138,86) (137,87) (138,87) (139,88) (140,89) (141,90) (142,89) (143,90) (144,90) (145,90) (146,89) (146,88) (147,87) (148,87) (149,86) (150,86) (150,85) (150,84) (149,84) (148,84) (147,85) (146,84) (145,85) (144,84) (143,84) (142,85) (141,85) (140,84) (139,84) (138,84) 
cluster26edge:(138,202) (139,203) (140,202) (139,201) 
cluster27edge:(147,218) (148,219) (148,220) (148,221) (149,222) (150,223) (151,224) (152,225) (153,225) (154,225) (155,224) (154,223) (155,222) (154,221) (155,220) (154,220) (153,219) (154,218) (153,217) (154,216) (153,216) (152,215) (151,215) (150,215) (149,214) (148,215) (148,216) (148,217) 
cluster28edge:(153,56) (153,57) 
cluster29edge:(156,22) (157,22) 
cluster30edge:(156,24) (157,24) 
cluster31edge:(163,219) (163,220) (164,220) 
cluster32edge:(165,29) (166,30) (166,31) (167,31) (168,32) (169,32) (170,32) (171,31) (172,31) (173,30) (174,30) (174,29) (173,28) (174,27) (173,26) (172,25) (171,25) (171,26) (170,27) (169,28) (168,28) (167,29) (166,29) 
cluster33edge:(166,222) (166,223) 
cluster34edge:(180,280) (180,281) (181,280) (182,281) (182,280) (181,279) 
cluster35edge:(183,282) (183,283) 
cluster36edge:(191,70) (192,71) (192,70) 
cluster37edge:(191,227) (192,228) (193,229) (194,230) (195,231) (195,232) (196,233) (197,233) (198,234) (199,235) (200,235) (201,236) (202,235) (203,236) (204,236) (205,236) (206,237) (207,236) (208,235) (208,234) (207,234) (206,233) (207,232) (206,232) (205,232) (204,231) (205,230) (206,230) (205,229) (204,229) (203,229) (202,228) (203,227) (202,227) (201,227) (200,227) (199,227) (198,226) (199,225) (198,225) (197,224) (196,224) (195,223) (194,223) (193,223) (192,224) (192,225) (192,226) 
cluster38edge:(193,74) (193,75) (194,76) (194,77) (195,78) (195,79) (195,80) (196,81) (196,82) (197,82) (198,83) (199,84) (200,85) (201,84) (202,85) (203,84) (204,85) (205,86) (206,85) (207,85) (208,85) (207,84) (207,83) (207,82) (206,82) (205,81) (206,80) (205,80) (204,79) (203,78) (202,78) (201,77) (200,77) (199,77) (198,77) (197,76) (198,75) (197,75) (196,74) (195,74) (194,75) 
cluster39edge:(209,86) (209,87) (210,88) (211,89) (211,90) (212,91) (213,91) (214,91) (215,91) (216,91) (217,91) (218,91) (217,90) (218,89) (217,89) (216,89) (215,89) (214,88) (214,87) (213,87) (212,87) (211,87) (210,86) 
cluster40edge:(210,293) (211,293) (212,293) (213,292) (214,292) (215,292) (216,291) (217,291) (218,291) (219,291) (220,291) (221,291) (222,290) (221,289) (220,288) (219,287) (218,287) (217,288) (216,288) (215,289) (214,289) (213,290) (212,290) (211,291) (211,292) 
cluster41edge:(211,62) (212,63) (211,64) (212,65) (211,66) (212,67) (213,68) (213,69) (213,70) (214,71) (213,72) (214,73) (214,74) (214,75) (215,76) (214,77) (215,78) (216,79) (215,80) (215,81) (216,82) (217,82) (218,82) (219,82) (220,83) (219,84) (220,84) (221,85) (222,85) (223,84) (224,84) (224,83) (224,82) (224,81) (223,81) (222,80) (223,79) (223,78) (224,77) (225,77) (224,76) (225,75) (226,75) (227,74) (226,74) (225,74) (224,73) (225,72) (224,71) (225,70) (226,70) (227,70) (228,70) (227,69) (226,69) (225,68) (226,67) (225,67) (224,66) (225,65) (226,65) (227,65) (227,64) (227,63) (226,62) (226,61) (225,60) (224,59) (223,58) (222,58) (221,58) (220,58) (219,58) (218,58) (217,59) (216,59) (215,60) (214,59) (213,60) (212,61) 
cluster42edge:(213,294) (214,294) 
cluster43edge:(215,93) (216,94) (217,95) (218,94) (219,95) (220,95) (219,94) (220,93) (219,93) (218,93) (217,93) (216,93) 
cluster44edge:(221,87) (221,88) (222,87) 
cluster45edge:(222,91) (223,91) 
cluster46edge:(223,48) (223,49) (223,50) (223,51) (223,52) (224,53) (224,54) (225,55) (226,54) (227,55) (228,54) (229,54) (230,54) (231,53) (230,52) (229,51) (228,51) (227,50) (228,49) (229,49) (229,48) (229,47) (228,46) (227,45) (226,44) (225,45) (224,45) (224,46) (224,47) 
cluster47edge:(223,96) (223,97) (224,98) (224,99) (225,100) (226,101) (227,101) (228,102) (229,102) (230,102) (231,103) (232,103) (233,104) (234,103) (235,104) (236,104) (237,104) (238,105) (239,104) (239,103) (238,103) (237,103) (236,102) (235,102) (234,102) (233,101) (233,100) (234,99) (235,99) (236,99) (235,98) (236,97) (235,96) (234,96) (233,95) (234,94) (233,94) (232,94) (231,94) (230,94) (229,95) (228,96) (227,95) (226,95) (225,96) (224,96) 
cluster48edge:(225,3) (226,3) 
cluster49edge:(234,233) (234,234) (235,235) (236,234) (237,233) (238,233) (237,232) (236,232) (235,232) 
cluster50edge:(240,95) (240,96) (240,97) (241,97) (242,98) (241,99) (242,99) (243,99) (244,99) (245,100) (246,101) (245,102) (246,103) (247,104) (247,105) (248,105) (249,105) (250,105) (251,105) (252,106) (251,107) (250,107) (249,107) (250,108) (250,109) (251,110) (251,111) (252,112) (252,113) (253,113) (254,114) (255,115) (255,116) (256,117) (257,117) (258,117) (259,117) (260,117) (261,117) (262,118) (263,119) (264,119) (265,120) (265,121) (266,121) (267,121) (268,121) (269,121) (270,121) (271,122) (272,122) (273,122) (274,123) (273,124) (274,124) (275,124) (276,125) (277,125) (278,124) (279,123) (280,123) (280,122) (280,121) (281,120) (280,119) (280,118) (279,117) (278,116) (277,115) (276,115) (275,114) (274,113) (273,113) (272,113) (271,112) (270,111) (269,111) (268,110) (268,109) (267,108) (266,107) (265,107) (264,106) (263,105) (262,105) (261,105) (260,104) (259,103) (258,103) (257,102) (256,101) (255,100) (254,99) (254,98) (253,97) (252,96) (251,95) (250,94) (249,93) (248,93) (247,93) (246,93) (245,93) (244,93) (243,93) (242,93) (241,93) (241,94) 
cluster51edge:(244,126) (245,126) (246,127) (247,128) (248,129) (249,130) (250,131) (251,131) (252,132) (253,133) (254,133) (255,133) (256,134) (257,134) (258,134) (259,135) (260,135) (261,135) (262,135) (263,135) (264,135) (265,136) (266,136) (267,136) (268,136) (269,135) (270,136) (271,135) (272,135) (273,134) (273,133) (273,132) (274,131) (274,130) (274,129) (275,128) (274,128) (273,128) (272,128) (271,128) (270,127) (270,126) (269,126) (268,126) (267,126) (266,125) (265,125) (264,125) (263,124) (262,124) (261,123) (262,122) (261,121) (260,121) (259,121) (258,121) (257,121) (256,121) (255,121) (254,121) (253,120) (252,120) (251,120) (250,120) (249,120) (250,121) (249,122) (248,122) (247,123) (247,124) (246,125) (245,125) 
cluster52edge:(277,16) (277,17) (278,17) (279,17) (280,17) (279,16) (278,15) 
cluster53edge:(280,35) (281,36) (281,35) 
cluster54edge:(282,168) (282,169) (283,170) (282,171) (282,172) (283,173) (282,174) (283,175) (284,175) (285,175) (286,176) (287,177) (286,178) (285,178) (286,179) (287,178) (288,177) (289,178) (290,177) (289,176) (290,175) (289,174) (289,173) (289,172) (288,171) (287,170) (287,169) (286,170) (285,169) (284,168) (283,169) 
cluster55edge:(293,297) (294,297) 
cluster56edge:(293,299) (294,299) 
