cluster1edge:(10,134) (11,134) 
cluster2edge:(33,16) (34,16) (35,17) (34,18) (35,19) (35,18) (36,17) (35,16) (34,15) 
cluster3edge:(35,23) (36,23) 
cluster4edge:(35,282) (35,283) (35,284) (35,285) (36,286) (37,287) (38,287) (39,287) (40,286) (41,286) (42,286) (43,286) (44,286) (43,285) (44,284) (45,283) (45,282) (44,281) (43,281) (42,280) (41,280) (40,280) (39,279) (38,280) (37,280) (36,281) 
cluster5edge:(40,294) (41,295) (41,296) (41,297) (42,298) (43,299) (43,0) (44,1) (44,2) (45,3) (46,3) (47,4) (47,3) (47,2) (48,1) (47,1) (46,0) (47,299) (48,299) (49,299) (48,298) (48,297) (47,297) (46,297) (45,296) (44,295) (43,295) (42,294) (43,293) (44,293) (44,292) (43,292) (42,291) (41,291) (41,292) (41,293) 
cluster6edge:(42,288) (43,288) 
cluster7edge:(48,258) (48,259) (49,260) (49,259) (50,258) (49,257) 
cluster8edge:(49,291) (50,291) (51,292) (51,293) (52,293) (53,293) (54,293) (55,294) (56,294) (57,295) (58,296) (57,297) (56,297) (55,297) (55,298) (56,298) (57,299) (58,299) (59,299) (60,299) (61,298) (62,298) (63,297) (62,296) (61,296) (60,295) (61,294) (60,293) (61,292) (60,291) (61,290) (60,289) (61,288) (60,287) (59,286) (58,285) (57,284) (56,284) (55,284) (54,284) (53,284) (52,284) (53,285) (52,286) (53,286) (54,286) (55,287) (54,288) (53,288) (52,288) (51,288) (50,289) (50,290) 
cluster9edge:(51,260) (52,260) 
cluster10edge:(52,59) (53,59) (54,58) (53,58) 
cluster11edge:(54,62) (54,63) (55,63) (56,64) (55,65) (56,65) (57,64) (57,63) (57,62) (57,61) (56,61) (55,62) 
cluster12edge:(54,202) (54,203) (54,204) (55,205) (56,206) (55,207) (56,208) (56,209) (57,208) (58,209) (59,210) (60,209) (61,208) (62,208) (61,207) (62,206) (62,205) (62,204) (63,203) (64,203) (64,202) (63,201) (62,200) (61,199) (60,199) (59,199) (58,199) (57,199) (56,199) (56,200) (55,201) 
cluster13edge:(59,260) (59,261) (59,262) (60,263) (61,262) (60,261) 
cluster14edge:(65,181) (65,182) (66,183) (66,184) (67,185) (67,184) (68,183) (69,182) (69,181) (68,181) (67,181) (66,181) 
cluster15edge:(66,208) (67,208) 
cluster16edge:(71,182) (72,182) 
cluster17edge:(76,101) (76,102) (76,103) (77,102) (78,103) (79,103) (80,103) (81,104) (82,105) (83,105) (84,105) (85,106) (86,105) (87,105) (88,105) (89,105) (90,105) (91,105) (92,106) (93,106) (94,106) (95,107) (96,107) (97,107) (98,108) (99,108) (100,108) (101,108) (102,108) (103,107) (104,106) (103,105) (103,104) (103,103) (102,102) (101,101) (101,100) (100,99) (99,98) (98,97) (97,96) (96,96) (95,95) (94,94) (93,95) (92,94) (91,95) (90,95) (89,95) (88,95) (87,96) (86,96) (85,96) (84,97) (83,97) (82,97) (81,98) (80,97) (79,98) (78,99) (77,100) 
cluster18edge:(77,177) (78,177) 
cluster19edge:(84,110) (85,110) 
cluster20edge:(87,113) (88,114) (89,114) (88,113) 
cluster21edge:(91,242) (92,243) (93,244) (94,243) (95,243) (96,243) (97,244) (98,245) (97,246) (98,246) (99,246) (100,246) (101,245) (102,246) (103,245) (104,244) (103,243) (104,242) (103,241) (102,240) (101,240) (100,240) (99,240) (98,240) (97,240) (96,241) (95,240) (94,241) (93,240) (92,241) 
cluster22edge:(95,193) (96,194) (95,195) (96,196) (96,197) (97,198) (98,199) (98,200) (99,201) (100,202) (100,203) (101,204) (102,205) (103,206) (104,206) (105,206) (106,206) (107,206) (108,206) (109,206) (110,206) (111,205) (110,205) (109,204) (108,203) (109,202) (108,201) (109,200) (110,200) (109,199) (110,198) (111,198) (112,198) (111,197) (112,196) (113,196) (113,195) (112,194) (113,193) (114,193) (113,192) (113,191) (113,190) (114,189) (113,188) (113,187) (112,186) (111,186) (110,186) (109,186) (108,185) (107,185) (106,186) (105,186) (104,187) (103,186) (102,187) (101,188) (100,188) (99,189) (98,190) (97,191) (96,192) 
cluster23edge:(107,233) (108,234) (107,235) (108,235) (109,235) (110,235) (111,236) (112,235) (113,234) (113,233) (113,232) (112,231) (111,230) (111,231) (110,232) (109,232) (108,232) 
cluster24edge:(114,43) (114,44) 
cluster25edge:(114,206) (115,207) (116,208) (117,209) (118,210) (119,209) (120,210) (121,209) (122,209) (123,209) (124,209) (125,208) (126,209) (127,208) (127,207) (128,206) (129,205) (129,204) (129,203) (129,202) (130,201) (129,200) (129,199) (128,198) (128,197) (128,196) (128,195) (127,196) (126,195) (125,194) (124,193) (123,193) (122,192) (121,192) (120,191) (120,192) (119,193) (119,194) (118,195) (117,195) (117,196) (118,197) (117,198) (118,198) (119,199) (118,200) (117,200) (118,201) (117,202) (118,203) (117,204) (116,204) (115,205) 
cluster26edge:(139,8) (139,9) (139,10) (140,11) (141,11) (142,12) (143,13) (144,13) (145,14) (146,14) (147,14) (148,14) (148,13) (149,12) (148,12) (147,12) (146,11) (147,10) (148,10) (149,10) (150,10) (150,9) (150,8) (149,8) (148,7) (147,7) (146,7) (145,6) (144,6) (143,5) (142,6) (141,6) (140,7) 
cluster27edge:(148,19) (148,20) (148,21) (149,22) (150,23) (151,24) (152,24) (153,24) (154,25) (155,25) (156,25) (157,24) (158,24) (159,24) (160,23) (161,22) (161,21) (162,20) (162,19) (162,18) (162,17) (162,16) (161,15) (161,14) (160,13) (159,13) (158,13) (157,12) (156,12) (155,12) (155,13) (154,14) (153,14) (152,14) (152,15) (152,16) (153,17) (152,18) (151,18) (150,18) (149,18) 
cluster28edge:(151,131) (152,132) (151,133) (152,134) (153,135) (154,135) (155,135) (156,135) (157,136) (158,136) (159,135) (158,134) (159,133) (158,132) (159,131) (158,131) (157,130) (156,130) (155,130) (154,130) (153,130) (152,131) 
cluster29edge:(156,112) (156,113) (156,114) (156,115) (156,116) (157,117) (157,118) (157,119) (158,120) (158,121) (159,122) (159,123) (160,124) (161,125) (162,126) (163,125) (164,126) (165,125) (166,126) (166,125) (167,124) (168,123) (167,123) (166,122) (165,121) (166,120) (167,119) (166,119) (165,118) (165,117) (164,117) (163,116) (163,115) (162,114) (162,113) (161,112) (161,111) (160,110) (159,109) (158,109) (158,110) (157,111) 
cluster30edge:(157,141) (158,142) (159,143) (159,144) (160,144) (161,144) (162,145) (163,145) (164,145) (165,145) (166,145) (167,144) (168,145) (169,144) (170,144) (171,144) (172,145) (173,144) (174,145) (174,146) (174,147) (175,148) (175,149) (176,150) (177,150) (178,151) (179,151) (180,151) (181,152) (182,151) (183,152) (184,151) (185,151) (186,150) (185,149) (184,148) (183,148) (182,147) (183,146) (182,146) (181,146) (180,146) (179,146) (178,146) (177,145) (178,144) (177,143) (177,142) (176,143) (175,143) (174,144) (173,143) (172,144) (171,143) (171,142) (170,141) (169,142) (168,143) (167,142) (166,141) (165,140) (164,140) (163,140) (162,140) (161,140) (160,140) (159,140) (158,140) 
cluster31edge:(196,46) (196,47) (197,47) 
cluster32edge:(216,162) (217,163) (218,164) (219,165) (220,165) (221,166) (222,166) (223,166) (224,165) (225,165) (226,165) (227,165) (227,164) (228,163) (229,163) (230,163) (230,162) (229,161) (228,161) (227,160) (226,159) (225,159) (224,159) (223,158) (222,158) (221,158) (220,159) (219,159) (218,159) (217,160) (217,161) 
cluster33edge:(217,45) (217,46) (217,47) (218,47) (219,48) (220,47) (219,46) (218,45) 
cluster34edge:(229,45) (229,46) 
cluster35edge:(229,170) (230,171) (229,172) (230,172) (231,173) (232,172) (232,171) (232,170) (231,169) (230,169) 
cluster36edge:(236,88) (237,89) (238,90) (239,91) (240,91) (241,92) (242,93) (243,92) (244,93) (245,94) (246,94) (247,94) (248,94) (249,94) (250,95) (251,94) (252,94) (252,93) (253,92) (252,91) (251,92) (250,91) (249,90) (248,90) (247,91) (246,90) (245,91) (244,90) (243,90) (242,89) (241,89) (240,89) (239,89) (238,88) (237,88) 
cluster37edge:(237,84) (238,84) (239,85) (240,84) (240,83) (240,82) (239,83) (238,82) (238,83) 
cluster38edge:(239,49) (239,50) (240,50) (241,49) (240,48) 
cluster39edge:(251,44) (252,45) (252,46) (253,47) (254,48) (255,47) (256,48) (257,47) (256,46) (257,45) (256,45) (255,45) (254,44) (253,44) (252,44) 
cluster40edge:(252,250) (252,251) (252,252) (252,253) (253,254) (252,255) (253,256) (254,256) (255,257) (255,258) (256,258) (257,258) (258,259) (259,259) (260,260) (261,260) (262,260) (263,259) (264,259) (265,259) (266,259) (267,259) (268,258) (269,258) (270,257) (271,257) (271,256) (271,255) (271,254) (270,253) (270,252) (269,251) (268,250) (267,250) (266,249) (265,249) (264,249) (263,249) (262,249) (261,249) (260,249) (259,249) (258,248) (257,248) (256,248) (255,248) (254,248) (253,249) 
cluster41edge:(257,264) (257,265) 
cluster42edge:(258,266) (259,266) 
cluster43edge:(264,263) (265,263) 
cluster44edge:(275,112) (276,112) 
cluster45edge:(275,260) (276,260) 
cluster46edge:(293,3) (294,3) (295,2) (294,2) 
