cluster1edge:(0,85) (299,85) (298,86) (297,86) (296,86) (295,86) (294,86) (293,85) (294,84) (293,83) (292,84) (291,83) (290,84) (289,83) (288,84) (287,83) (286,84) (285,85) (284,85) (284,86) (285,87) (284,88) (284,89) (285,90) (286,91) (286,92) (287,91) (288,92) (289,92) (290,92) (291,93) (292,92) (291,92) (290,91) (291,90) (292,90) (293,90) (294,90) (295,90) (294,89) (294,88) (295,87) (296,87) (297,87) (298,88) (298,89) (297,90) (298,90) (299,91) (299,92) (299,93) (298,94) (297,94) (297,95) (298,96) (297,97) (298,97) (299,97) (0,98) (1,98) (2,98) (3,99) (4,98) (5,99) (6,98) (7,98) (8,98) (9,97) (10,96) (10,95) (11,94) (11,93) (11,92) (11,91) (10,90) (10,89) (11,88) (10,87) (9,86) (10,85) (9,84) (8,83) (7,84) (6,83) (5,82) (4,83) (3,84) (2,83) (1,84) 
cluster2edge:(0,137) (299,138) (0,138) (1,139) (2,140) (3,141) (4,140) (5,140) (6,140) (7,139) (7,138) (7,137) (6,136) (5,135) (4,135) (3,135) (2,135) (1,134) (1,135) (1,136) 
cluster3edge:(0,216) (299,217) (298,218) (297,219) (296,220) (295,221) (295,222) (295,223) (295,224) (295,225) (295,226) (296,227) (296,228) (297,229) (298,229) (299,229) (0,230) (1,229) (2,229) (3,229) (4,230) (5,230) (6,230) (7,229) (8,229) (9,229) (10,230) (9,231) (10,232) (11,233) (12,233) (13,233) (14,234) (15,234) (16,235) (17,236) (18,237) (19,238) (20,238) (21,239) (22,239) (23,239) (24,240) (25,239) (26,240) (27,239) (28,240) (29,239) (30,238) (29,237) (28,236) (27,235) (26,235) (25,235) (24,235) (23,235) (22,234) (22,233) (21,232) (20,232) (19,232) (18,232) (17,232) (16,232) (15,232) (14,231) (14,230) (14,229) (13,229) (12,228) (11,228) (10,228) (9,227) (9,226) (10,225) (9,225) (8,224) (7,223) (8,222) (7,221) (7,220) (6,219) (5,219) (4,219) (3,219) (2,218) (1,217) 
cluster4edge:(2,38) (3,39) (4,39) (5,40) (5,39) (5,38) (5,37) (4,38) (3,37) 
cluster5edge:(4,78) (4,79) 
cluster6edge:(4,275) (5,275) 
cluster7edge:(6,19) (7,20) (7,21) (6,22) (7,23) (6,24) (7,25) (8,26) (9,27) (10,28) (11,27) (12,28) (13,27) (12,26) (13,25) (12,25) (11,25) (10,24) (11,23) (12,23) (11,22) (12,21) (11,21) (10,20) (9,19) (9,18) (9,17) (8,16) (7,17) (7,18) 
cluster8edge:(14,28) (15,28) 
cluster9edge:(14,225) (15,225) (16,225) (17,225) (18,226) (19,226) (20,227) (21,227) (22,227) (23,227) (24,228) (24,229) (25,229) (26,229) (27,230) (26,231) (27,231) (28,231) (29,231) (30,231) (30,230) (30,229) (31,228) (30,227) (29,226) (28,225) (27,224) (26,223) (25,223) (24,222) (23,222) (22,221) (21,221) (20,220) (19,220) (18,220) (17,221) (16,222) (17,223) (16,224) (15,224) 
cluster10edge:(17,21) (18,21) (19,21) (20,21) (21,22) (22,23) (21,24) (20,25) (21,26) (20,27) (21,28) (21,29) (21,30) (21,31) (22,31) (23,32) (22,33) (21,33) (22,34) (23,35) (22,36) (23,36) (24,36) (25,36) (26,36) (27,36) (28,36) (27,35) (28,34) (29,33) (30,33) (29,32) (30,31) (31,31) (32,31) (33,31) (34,30) (34,29) (33,28) (32,27) (31,26) (30,27) (29,26) (28,25) (27,24) (26,25) (25,24) (24,23) (23,22) (22,21) (21,20) (21,19) (21,18) (21,17) (20,17) (19,16) (19,17) (18,18) (19,19) (18,20) 
cluster11edge:(26,49) (27,50) (28,51) (29,51) (30,52) (30,51) (29,50) (28,49) (27,48) 
cluster12edge:(29,69) (29,70) (30,71) (31,72) (32,73) (33,72) (34,73) (35,72) (34,71) (34,70) (35,69) (36,68) (37,68) (38,67) (37,67) (36,66) (35,65) (34,66) (33,67) (32,68) (31,69) (30,69) 
cluster13edge:(33,231) (33,232) (34,232) 
cluster14edge:(41,252) (41,253) (41,254) (41,255) (41,256) (42,257) (42,258) (43,259) (43,260) (44,261) (44,262) (45,263) (46,264) (47,265) (48,265) (49,266) (50,266) (51,267) (52,267) (53,267) (54,267) (55,266) (56,265) (55,264) (55,263) (56,262) (57,262) (56,261) (55,261) (54,260) (54,259) (54,258) (55,257) (55,256) (55,255) (54,255) (53,254) (54,253) (55,253) (56,253) (55,252) (54,251) (53,251) (52,250) (51,250) (50,250) (49,250) (48,250) (47,250) (46,250) (45,250) (44,249) (43,250) (42,251) 
cluster15edge:(44,127) (45,127) (46,127) (45,126) 
cluster16edge:(63,132) (63,133) 
cluster17edge:(65,132) (66,132) 
cluster18edge:(66,93) (66,94) (67,94) (68,94) (69,95) (68,96) (69,97) (69,98) (68,99) (69,100) (69,101) (68,102) (67,102) (66,102) (67,103) (68,103) (69,103) (70,104) (69,105) (68,105) (69,106) (70,107) (71,106) (72,107) (73,106) (74,107) (75,106) (76,105) (76,104) (76,103) (76,102) (76,101) (76,100) (75,99) (76,98) (75,97) (75,96) (75,95) (74,94) (74,93) (73,92) (72,92) (71,92) (70,92) (69,92) (68,92) (67,92) 
cluster19edge:(74,136) (75,136) 
cluster20edge:(79,146) (80,147) (79,148) (80,149) (81,150) (82,150) (83,150) (84,150) (85,150) (86,149) (87,150) (87,149) (87,148) (87,147) (86,146) (85,145) (84,145) (83,145) (82,145) (81,145) (80,145) 
cluster21edge:(85,84) (86,85) (86,86) (87,87) (88,88) (89,88) (90,88) (91,89) (92,90) (93,89) (94,90) (95,89) (96,88) (95,87) (96,86) (95,85) (94,85) (93,84) (92,84) (93,85) (92,86) (91,87) (90,86) (89,85) (88,84) (87,84) (86,84) 
cluster22edge:(100,56) (100,57) (100,58) (101,59) (102,59) (103,60) (104,59) (105,58) (106,57) (105,57) (104,56) (105,55) (106,55) (106,54) (105,54) (104,54) (103,54) (102,54) (101,54) (101,55) 
cluster23edge:(101,177) (101,178) (101,179) (101,180) (101,181) (102,182) (103,182) (104,183) (105,183) (106,183) (106,182) (107,181) (108,181) (109,181) (109,180) (110,179) (111,179) (111,178) (111,177) (110,176) (109,175) (108,174) (107,175) (106,174) (105,175) (104,174) (103,175) (102,176) 
cluster24edge:(103,265) (103,266) (103,267) (103,268) (103,269) (103,270) (103,271) (104,272) (103,273) (104,274) (105,275) (105,276) (105,277) (106,278) (107,277) (108,278) (109,278) (110,277) (109,276) (110,275) (111,274) (112,274) (111,273) (110,272) (111,271) (112,271) (113,270) (114,270) (113,269) (114,268) (115,268) (114,267) (113,266) (114,265) (115,264) (116,263) (115,262) (116,261) (115,261) (114,261) (113,261) (112,260) (112,259) (111,259) (110,258) (109,259) (108,259) (107,260) (106,261) (105,262) (104,263) (104,264) 
cluster25edge:(112,279) (113,279) 
cluster26edge:(114,185) (115,186) (115,187) (116,188) (117,187) (118,188) (119,187) (120,188) (121,187) (122,188) (123,189) (124,188) (125,187) (126,188) (127,189) (128,190) (129,191) (130,192) (131,193) (132,194) (132,195) (133,196) (134,197) (135,198) (136,199) (137,199) (138,199) (139,199) (139,198) (139,197) (138,196) (137,196) (136,195) (135,195) (134,194) (134,193) (134,192) (133,191) (133,190) (132,190) (131,189) (130,190) (129,189) (128,188) (127,187) (127,186) (126,187) (125,186) (124,186) (123,186) (122,187) (121,186) (120,185) (119,185) (118,184) (117,184) (116,184) (115,185) 
cluster27edge:(118,163) (119,164) (120,163) (119,162) 
cluster28edge:(120,259) (121,259) 
cluster29edge:(122,256) (122,257) (123,257) (124,257) (125,257) (124,256) (123,256) 
cluster30edge:(125,17) (126,18) (125,19) (126,19) (127,20) (127,21) (128,22) (129,21) (130,22) (131,21) (132,22) (133,21) (134,22) (135,21) (136,20) (137,20) (138,19) (139,20) (140,19) (141,18) (142,18) (143,17) (143,16) (144,15) (143,14) (142,13) (141,12) (140,11) (139,11) (138,11) (137,11) (136,11) (135,11) (134,11) (133,12) (134,12) (135,13) (134,14) (133,14) (132,14) (131,14) (130,14) (129,14) (128,14) (127,15) (126,15) (126,16) 
cluster31edge:(144,89) (145,90) (144,91) (145,91) (146,91) (147,90) (148,90) (148,89) (148,88) (147,87) (146,87) (145,88) 
cluster32edge:(145,190) (146,191) (145,192) (146,193) (147,194) (147,195) (148,196) (149,196) (150,195) (150,194) (150,193) (150,192) (149,191) (148,190) (147,190) (146,190) 
cluster33edge:(151,233) (151,234) 
cluster34edge:(154,99) (155,99) (156,100) (155,101) (156,101) (157,102) (157,103) (158,104) (158,105) (159,104) (159,103) (160,102) (159,101) (160,100) (160,99) (159,98) (158,97) (157,97) (156,97) (155,98) 
cluster35edge:(171,284) (171,285) 
cluster36edge:(176,11) (177,11) 
cluster37edge:(187,29) (187,30) 
cluster38edge:(195,75) (195,76) (195,77) (196,78) (196,79) (197,80) (198,80) (199,80) (200,80) (201,80) (202,79) (202,78) (201,78) (200,77) (199,77) (198,76) (197,75) (196,75) 
cluster39edge:(212,119) (213,120) (212,121) (213,122) (213,123) (214,124) (215,124) (216,124) (217,125) (218,125) (219,125) (218,124) (219,123) (218,123) (217,122) (218,121) (217,120) (218,119) (219,119) (220,119) (219,118) (219,117) (218,117) (217,116) (216,116) (215,116) (214,117) (213,117) (213,118) 
cluster40edge:(215,243) (216,244) (216,245) (217,246) (217,247) (218,248) (219,247) (220,246) (220,245) (220,244) (219,244) (218,243) (219,242) (218,242) (217,241) (216,242) 
cluster41edge:(227,251) (228,252) (228,253) (227,254) (228,254) (229,255) (228,256) (229,257) (229,258) (230,258) (231,259) (232,260) (233,259) (234,259) (234,258) (235,257) (234,256) (234,255) (234,254) (233,253) (233,252) (232,251) (231,250) (230,249) (229,250) (228,249) (228,250) 
cluster42edge:(231,124) (232,124) 
cluster43edge:(235,170) (235,171) (236,171) (237,172) (236,173) (237,173) (238,173) (239,173) (240,174) (239,175) (238,175) (237,175) (236,175) (237,176) (238,177) (239,177) (240,177) (241,178) (242,177) (241,176) (242,175) (243,175) (244,175) (245,175) (246,174) (247,174) (248,174) (249,174) (250,174) (251,173) (252,172) (253,172) (254,172) (255,171) (254,171) (253,170) (254,169) (255,169) (255,168) (255,167) (254,166) (255,165) (254,164) (253,163) (252,164) (251,163) (250,164) (249,163) (248,164) (247,164) (246,164) (245,165) (244,166) (243,166) (242,166) (241,167) (240,168) (239,167) (238,168) (237,169) (236,169) 
cluster44edge:(237,76) (238,77) (238,78) (239,79) (240,79) (241,80) (242,80) (243,81) (244,80) (245,80) (246,80) (246,79) (246,78) (247,77) (248,77) (247,76) (248,75) (249,75) (250,75) (251,74) (252,74) (253,74) (254,73) (253,72) (252,71) (251,70) (250,70) (249,69) (248,69) (247,69) (246,69) (245,69) (244,69) (243,69) (242,69) (241,70) (240,70) (239,71) (239,72) (238,73) (238,74) (238,75) 
cluster45edge:(239,182) (239,183) (240,183) (241,184) (242,184) (243,184) (244,184) (245,184) (246,184) (247,184) (248,184) (249,184) (250,184) (251,183) (252,183) (253,183) (254,182) (255,182) (256,181) (255,180) (255,179) (255,178) (254,177) (253,178) (252,177) (251,178) (250,178) (251,179) (250,180) (249,180) (248,180) (247,180) (246,180) (245,181) (244,181) (243,181) (242,181) (241,181) (240,181) 
cluster46edge:(247,35) (247,36) (247,37) (248,38) (249,39) (250,40) (251,41) (252,40) (251,39) (252,38) (251,37) (250,36) (249,35) (249,34) (248,34) 
cluster47edge:(247,88) (247,89) (247,90) (248,91) (249,92) (250,92) (251,93) (252,94) (253,94) (254,94) (255,95) (256,95) (257,95) (258,95) (259,95) (260,95) (261,95) (262,95) (263,95) (264,95) (265,95) (266,95) (267,95) (268,94) (269,94) (270,93) (271,92) (272,91) (273,90) (273,89) (274,88) (273,87) (273,86) (273,85) (272,84) (271,83) (271,82) (270,81) (271,80) (270,79) (269,78) (268,77) (267,76) (267,75) (266,76) (265,76) (264,76) (263,76) (262,77) (261,77) (260,77) (259,77) (259,78) (258,79) (257,79) (256,79) (255,80) (254,80) (253,80) (253,81) (254,82) (253,83) (252,83) (251,84) (250,84) (249,84) (250,85) (249,86) (250,87) (249,88) (248,88) 
cluster48edge:(251,115) (252,115) (253,115) (254,116) (255,116) (256,117) (256,118) (257,118) (258,118) (259,118) (260,118) (261,118) (262,119) (262,118) (263,117) (263,116) (262,115) (262,114) (261,113) (260,112) (259,112) (258,111) (257,112) (256,112) (255,112) (254,112) (253,113) (252,114) 
cluster49edge:(251,117) (252,118) (252,117) 
cluster50edge:(252,121) (253,122) (252,123) (253,124) (254,124) (255,125) (256,124) (257,125) (258,124) (259,124) (260,123) (259,123) (258,122) (257,123) (256,122) (255,122) (254,122) (253,121) 
cluster51edge:(254,40) (255,41) (256,40) (257,39) (256,38) (255,39) 
cluster52edge:(274,298) (275,298) (276,297) (275,297) 
cluster53edge:(276,179) (277,180) (276,181) (277,182) (277,183) (278,184) (278,185) (278,186) (279,187) (280,186) (281,187) (282,186) (281,185) (282,184) (281,183) (281,182) (280,182) (279,181) (279,180) (279,179) (279,178) (278,179) (277,178) 
cluster54edge:(290,104) (290,105) 
