cluster1edge:(0,95) (299,96) (298,96) (297,96) (296,97) (295,97) (294,98) (293,98) (292,99) (291,100) (290,100) (289,101) (289,102) (289,103) (288,104) (287,105) (288,106) (289,107) (290,106) (291,107) (292,107) (293,107) (293,106) (293,105) (293,104) (293,103) (293,102) (294,101) (295,101) (296,102) (297,101) (298,101) (299,102) (0,102) (1,103) (2,102) (3,103) (4,103) (5,103) (6,102) (7,101) (8,102) (9,101) (8,100) (7,99) (6,98) (6,97) (6,96) (5,96) (4,96) (3,95) (2,95) (1,95) 
cluster2edge:(0,109) (0,110) (0,111) (299,112) (298,113) (297,114) (296,113) (296,114) (297,115) (298,116) (299,117) (0,116) (1,117) (2,117) (3,117) (4,118) (5,117) (6,116) (5,116) (4,115) (5,114) (6,114) (7,113) (7,112) (8,111) (9,111) (10,110) (9,110) (8,110) (7,109) (8,108) (7,108) (6,108) (5,109) (4,108) (4,109) (3,110) (2,110) (1,110) 
cluster3edge:(0,222) (299,221) (299,220) (298,219) (298,218) (297,218) (296,219) (295,218) (294,219) (293,218) (292,218) (291,218) (290,218) (289,217) (288,218) (287,217) (286,217) (285,217) (284,217) (283,218) (282,218) (283,219) (282,220) (281,220) (280,220) (279,221) (280,222) (279,223) (279,224) (280,225) (281,225) (282,226) (283,227) (283,228) (284,227) (285,228) (286,229) (287,228) (288,229) (289,230) (290,229) (291,230) (292,229) (293,230) (294,229) (295,230) (296,229) (297,228) (298,229) (299,228) (0,228) (1,228) (2,229) (3,230) (4,231) (5,232) (6,233) (7,233) (8,234) (9,235) (10,236) (11,237) (11,238) (12,239) (12,240) (13,241) (13,242) (14,243) (14,244) (15,245) (15,246) (16,247) (17,248) (18,248) (19,248) (20,249) (21,249) (22,250) (23,250) (24,249) (25,249) (25,248) (26,247) (27,247) (28,247) (29,247) (30,247) (29,246) (28,245) (29,244) (28,243) (27,242) (28,241) (29,241) (28,240) (28,239) (29,238) (30,238) (31,238) (32,238) (33,238) (34,238) (35,238) (34,237) (33,237) (32,236) (32,235) (31,235) (30,234) (29,234) (28,234) (27,234) (26,234) (25,234) (24,233) (25,232) (26,232) (27,231) (26,230) (25,230) (24,230) (23,230) (22,230) (21,230) (20,229) (19,229) (18,229) (17,228) (16,228) (15,228) (14,227) (14,226) (15,225) (14,225) (13,225) (12,224) (11,224) (10,224) (9,224) (8,224) (7,223) (7,222) (8,221) (7,221) (6,221) (5,221) (4,221) (3,221) (2,221) (1,221) 
cluster4edge:(0,276) (299,275) (298,274) (297,274) (296,273) (295,273) (294,272) (293,272) (292,272) (291,272) (290,272) (289,271) (288,271) (287,272) (286,273) (285,274) (285,275) (284,276) (283,277) (284,277) (285,277) (286,277) (287,278) (287,279) (288,278) (289,279) (290,278) (291,278) (292,277) (293,278) (294,277) (295,277) (296,277) (297,277) (298,278) (298,279) (299,280) (299,279) (299,278) (0,277) 
cluster5edge:(2,215) (3,215) (4,215) (5,215) (6,216) (5,217) (6,217) (7,218) (8,218) (9,218) (10,218) (11,218) (12,219) (13,219) (14,220) (13,221) (14,221) (15,221) (16,221) (17,222) (18,222) (19,221) (20,222) (21,222) (22,222) (23,222) (24,223) (24,224) (24,225) (25,226) (26,225) (27,226) (28,227) (27,228) (28,228) (29,227) (30,228) (31,228) (32,229) (31,230) (32,230) (33,230) (34,230) (35,230) (36,230) (37,230) (38,230) (39,229) (40,229) (41,229) (42,229) (43,229) (43,228) (43,227) (42,226) (41,226) (40,225) (39,225) (38,224) (37,224) (36,224) (35,224) (34,224) (33,224) (32,224) (31,223) (30,222) (29,223) (28,222) (27,221) (27,220) (26,220) (25,220) (24,219) (24,218) (23,217) (22,216) (21,215) (20,214) (20,213) (19,212) (18,211) (18,210) (17,209) (17,208) (16,208) (15,207) (16,206) (15,205) (14,205) (13,204) (12,203) (11,204) (10,203) (9,204) (8,203) (8,204) (7,205) (6,206) (5,206) (5,207) (4,208) (4,209) (4,210) (4,211) (3,212) (4,213) (3,214) 
cluster6edge:(11,194) (11,195) (11,196) (12,197) (13,197) (14,196) (15,197) (16,196) (15,195) (14,194) (13,193) (12,193) 
cluster7edge:(22,18) (23,19) (23,20) (24,21) (25,22) (26,21) (27,22) (28,22) (27,21) (27,20) (28,19) (27,18) (26,18) (25,18) (24,17) (24,16) (23,17) 
cluster8edge:(23,13) (24,13) 
cluster9edge:(27,68) (27,69) (28,69) (29,69) (30,69) (29,68) (28,68) 
cluster10edge:(34,18) (34,19) (35,19) (36,19) (37,20) (37,21) (38,22) (39,23) (38,24) (39,24) (40,25) (41,26) (42,25) (43,26) (44,25) (45,24) (46,23) (45,22) (44,21) (43,20) (42,19) (41,19) (40,18) (39,17) (38,18) (37,17) (36,17) (35,16) (35,17) 
cluster11edge:(47,148) (48,148) 
cluster12edge:(51,34) (52,35) (52,36) (52,37) (53,37) (54,36) (53,35) (54,34) (53,33) (53,32) (52,33) 
cluster13edge:(62,271) (63,271) 
cluster14edge:(64,21) (65,22) (66,21) (65,21) 
cluster15edge:(66,268) (67,268) 
cluster16edge:(91,297) (91,298) (91,299) (92,0) (93,1) (94,0) (95,1) (96,1) (97,1) (98,1) (97,0) (97,299) (97,298) (98,297) (99,296) (98,296) (97,296) (96,296) (95,295) (96,294) (97,294) (96,293) (95,294) (94,294) (93,294) (92,295) (92,296) 
cluster17edge:(93,79) (93,80) (94,79) 
cluster18edge:(104,85) (104,86) (105,87) (106,86) (107,86) (106,85) (107,84) (106,83) (105,84) 
cluster19edge:(105,212) (106,213) (106,214) (107,214) (108,213) (109,213) (110,212) (109,211) (108,211) (107,210) (106,211) 
cluster20edge:(115,255) (115,256) (116,257) (117,257) (118,256) (117,255) (116,254) 
cluster21edge:(117,238) (117,239) (118,239) (119,239) (120,239) (119,238) (118,238) 
cluster22edge:(119,246) (119,247) (120,247) (121,247) (122,247) (123,247) (124,247) (125,247) (126,247) (127,247) (128,246) (127,245) (126,245) (125,244) (125,243) (124,243) (123,243) (122,243) (121,243) (121,244) (121,245) (120,246) 
cluster23edge:(132,37) (133,37) 
cluster24edge:(137,255) (138,256) (139,257) (138,258) (139,259) (138,260) (139,261) (139,262) (139,263) (140,264) (141,265) (142,266) (142,267) (143,268) (144,269) (145,270) (146,270) (147,270) (148,270) (149,271) (149,272) (148,273) (149,274) (150,274) (151,274) (152,275) (151,276) (152,276) (153,277) (154,277) (155,277) (156,277) (157,277) (158,277) (159,277) (160,276) (161,276) (160,275) (160,274) (159,273) (160,272) (161,272) (160,271) (160,270) (161,269) (160,269) (159,268) (160,267) (161,266) (160,266) (159,266) (158,266) (157,266) (156,265) (155,265) (154,265) (153,264) (154,263) (153,262) (154,261) (154,260) (153,260) (152,259) (153,258) (152,257) (151,257) (150,256) (151,255) (152,255) (151,254) (152,253) (151,252) (151,251) (150,251) (149,251) (148,251) (147,250) (148,249) (147,249) (146,248) (145,249) (144,248) (143,249) (142,249) (141,249) (140,250) (139,249) (139,250) (139,251) (138,252) (139,253) (138,254) 
cluster25edge:(147,187) (148,187) (149,187) (150,187) (151,187) (152,187) (153,187) (152,186) (151,186) (150,186) (149,186) (148,186) 
cluster26edge:(149,189) (149,190) (150,191) (151,191) (152,192) (153,191) (152,191) (151,190) (151,189) (150,189) 
cluster27edge:(156,186) (157,187) (158,187) (159,187) (160,187) (161,187) (162,188) (161,189) (162,189) (163,188) (164,188) (165,188) (164,187) (164,186) (163,185) (162,185) (161,185) (160,186) (159,185) (158,186) (157,186) 
cluster28edge:(156,199) (157,200) (157,201) (158,200) (159,201) (159,202) (160,203) (161,204) (162,203) (163,204) (164,205) (165,204) (166,205) (167,204) (168,204) (169,204) (170,203) (171,202) (171,201) (172,200) (172,199) (172,198) (172,197) (172,196) (172,195) (172,194) (171,193) (170,192) (169,191) (168,192) (167,193) (166,193) (165,193) (164,193) (163,193) (162,193) (161,193) (160,193) (159,194) (160,194) (161,195) (160,196) (159,197) (158,198) (157,198) 
cluster29edge:(157,283) (158,283) 
cluster30edge:(160,191) (161,191) 
cluster31edge:(164,165) (164,166) (164,167) (165,168) (166,168) (167,169) (168,170) (169,171) (170,170) (171,171) (172,171) (173,171) (174,172) (175,171) (176,171) (177,171) (178,172) (179,172) (180,173) (181,174) (182,175) (183,174) (184,174) (185,173) (184,172) (183,171) (182,170) (182,169) (181,170) (180,169) (179,170) (178,169) (177,168) (176,167) (175,168) (174,167) (173,168) (172,167) (171,166) (170,166) (169,165) (170,164) (169,163) (169,164) (168,165) (167,165) (166,165) (165,164) 
cluster32edge:(169,156) (170,156) 
cluster33edge:(178,150) (178,151) (178,152) (179,153) (180,154) (181,154) (182,153) (181,152) (182,151) (181,150) (181,149) (180,150) (179,149) 
cluster34edge:(179,141) (180,142) (180,143) (181,142) (182,142) (183,142) (184,142) (185,141) (184,141) (183,141) (182,141) (181,140) (180,139) (180,140) 
cluster35edge:(183,1) (183,2) (183,3) (184,4) (185,5) (186,4) (187,3) (186,2) (187,1) (186,0) (185,299) (184,0) 
cluster36edge:(184,244) (184,245) (184,246) (184,247) (184,248) (184,249) (185,250) (186,251) (186,252) (187,253) (188,254) (189,255) (188,256) (189,257) (190,257) (191,257) (192,258) (193,258) (194,259) (195,259) (196,260) (197,261) (197,262) (197,263) (197,264) (197,265) (196,266) (197,267) (198,268) (199,268) (198,267) (199,266) (200,266) (201,267) (202,268) (203,267) (204,268) (205,267) (206,268) (207,267) (208,267) (209,268) (210,269) (211,270) (212,269) (213,270) (214,269) (215,270) (216,269) (215,269) (214,268) (213,267) (212,266) (211,266) (210,266) (209,265) (209,264) (208,265) (207,265) (206,264) (205,263) (204,262) (203,261) (202,260) (203,259) (202,258) (203,257) (204,256) (205,255) (205,254) (205,253) (206,252) (205,251) (205,250) (205,249) (204,248) (203,247) (202,246) (201,245) (200,245) (199,244) (198,244) (197,244) (196,243) (195,243) (196,244) (197,245) (196,246) (195,246) (194,247) (193,247) (192,247) (191,246) (190,245) (189,244) (190,243) (189,243) (188,243) (187,243) (186,243) (185,243) 
cluster37edge:(197,295) (198,295) (199,295) (200,294) (201,293) (200,293) (199,293) (198,294) 
cluster38edge:(206,220) (207,221) (208,221) (207,220) 
cluster39edge:(206,275) (207,276) (208,277) (209,276) (210,277) (211,276) (212,275) (211,275) (210,275) (209,275) (208,275) (207,275) 
cluster40edge:(212,117) (212,118) (212,119) (212,120) (213,121) (213,122) (213,123) (214,123) (215,124) (216,123) (217,123) (218,122) (217,121) (218,120) (219,120) (220,120) (221,120) (222,120) (222,119) (221,118) (220,117) (219,116) (218,116) (217,116) (216,116) (215,116) (214,117) (213,116) 
cluster41edge:(216,0) (217,1) (218,2) (219,3) (220,4) (220,5) (221,4) (222,4) (223,4) (224,3) (225,3) (226,3) (225,2) (224,2) (223,3) (222,2) (221,1) (221,0) (222,299) (221,298) (221,297) (222,296) (221,295) (220,294) (219,295) (218,296) (217,297) (216,298) (216,299) 
cluster42edge:(216,275) (217,275) 
cluster43edge:(218,292) (219,293) (219,292) 
cluster44edge:(221,6) (221,7) 
cluster45edge:(221,9) (222,9) 
cluster46edge:(222,231) (222,232) 
cluster47edge:(222,255) (223,255) (223,254) 
cluster48edge:(227,51) (227,52) (227,53) (227,54) (228,55) (229,55) (230,55) (231,55) (232,56) (233,55) (233,54) (233,53) (232,52) (231,51) (231,50) (231,49) (231,48) (231,47) (230,47) (229,47) (229,48) (228,49) (228,50) 
cluster49edge:(229,166) (230,167) (231,168) (232,168) (233,168) (234,168) (235,168) (236,168) (236,167) (235,166) (234,165) (233,166) (232,165) (231,165) (230,165) 
cluster50edge:(232,41) (232,42) (232,43) (232,44) (233,43) (234,44) (235,43) (236,44) (237,43) (238,42) (238,41) (238,40) (237,39) (236,40) (235,39) (234,40) (233,40) 
cluster51edge:(232,183) (232,184) (232,185) (233,186) (233,187) (234,187) (235,188) (236,189) (237,190) (238,191) (239,192) (239,193) (240,194) (239,195) (238,195) (237,196) (236,197) (235,198) (234,199) (234,200) (233,201) (233,202) (233,203) (233,204) (234,205) (233,206) (234,207) (235,208) (236,209) (236,210) (237,211) (238,212) (239,213) (240,214) (241,214) (242,214) (243,213) (244,213) (245,213) (246,213) (245,212) (246,211) (247,211) (247,210) (246,209) (247,208) (248,208) (249,208) (250,208) (249,207) (250,206) (251,206) (252,206) (253,206) (254,206) (255,206) (256,205) (255,204) (256,203) (257,202) (258,201) (259,201) (260,200) (259,199) (258,198) (257,198) (256,197) (255,196) (254,197) (253,196) (252,195) (251,194) (250,193) (249,192) (250,191) (249,190) (249,189) (249,188) (248,187) (247,186) (246,186) (245,185) (245,184) (244,183) (243,183) (242,183) (241,183) (240,183) (239,182) (238,182) (237,182) (236,182) (235,182) (234,182) (233,181) (233,182) 
cluster52edge:(236,175) (237,175) 
cluster53edge:(237,70) (237,71) (237,72) (238,71) 
cluster54edge:(238,89) (239,90) (240,90) (241,90) (242,91) (241,92) (241,93) (241,94) (242,94) (243,95) (243,96) (244,97) (245,98) (246,99) (247,100) (248,99) (249,98) (250,97) (251,96) (252,95) (251,94) (252,93) (252,92) (252,91) (251,90) (251,89) (251,88) (250,87) (249,86) (248,85) (247,85) (246,85) (245,85) (244,85) (243,85) (242,85) (241,85) (240,86) (239,87) (240,87) (241,88) (240,89) (239,89) 
cluster55edge:(240,177) (240,178) (241,178) 
cluster56edge:(241,174) (241,175) (242,175) 
cluster57edge:(242,44) (242,45) (243,45) 
cluster58edge:(244,103) (244,104) (245,103) (246,104) (246,103) (245,102) 
cluster59edge:(248,218) (248,219) (248,220) (249,221) (250,221) (251,222) (252,222) (253,223) (254,223) (255,223) (256,223) (257,224) (258,224) (259,224) (260,224) (261,224) (262,224) (263,224) (264,224) (265,225) (266,224) (267,225) (268,224) (269,223) (270,222) (271,222) (270,221) (270,220) (270,219) (271,218) (272,218) (273,218) (274,218) (273,217) (274,216) (273,216) (272,215) (273,214) (274,213) (273,213) (272,213) (271,213) (270,212) (270,211) (269,211) (268,210) (267,210) (266,210) (265,209) (264,208) (263,208) (262,209) (261,210) (260,210) (259,210) (258,210) (257,210) (257,211) (256,212) (255,212) (254,213) (253,213) (252,214) (251,215) (252,215) (253,216) (252,217) (251,217) (250,217) (249,217) 
cluster60edge:(252,149) (253,149) 
cluster61edge:(254,147) (255,147) 
cluster62edge:(254,153) (255,153) 
cluster63edge:(266,200) (267,201) (266,202) (267,202) (268,202) (269,203) (270,203) (271,204) (272,204) (273,204) (274,204) (275,204) (276,205) (275,206) (274,206) (273,206) (274,207) (275,208) (276,208) (277,208) (278,208) (279,208) (280,208) (281,209) (280,210) (279,210) (278,210) (277,211) (277,212) (278,213) (279,213) (280,214) (281,214) (282,214) (283,214) (284,214) (285,214) (286,214) (287,213) (288,212) (289,213) (290,212) (290,211) (290,210) (290,209) (289,208) (288,207) (287,206) (286,205) (285,204) (284,204) (283,203) (282,203) (281,202) (280,202) (279,202) (278,202) (277,202) (276,202) (275,201) (274,201) (273,201) (272,200) (271,200) (270,199) (269,199) (268,199) (267,198) (267,199) 
cluster64edge:(268,64) (269,65) (270,65) (271,65) (272,65) (273,66) (274,65) (273,64) (272,64) (271,63) (270,64) (269,63) 
cluster65edge:(270,69) (271,70) (271,69) 
cluster66edge:(272,68) (273,68) 
cluster67edge:(282,152) (283,152) (284,153) (285,154) (286,153) (287,152) (287,151) (287,150) (286,149) (285,150) (284,150) (283,150) (283,151) 
cluster68edge:(286,74) (286,75) (286,76) (287,77) (288,76) (289,77) (290,77) (291,76) (290,75) (289,75) (288,74) (287,74) 
cluster69edge:(289,44) (289,45) (290,45) 
