cluster1edge:(0,144) (299,143) (298,144) (297,143) (296,144) (295,145) (294,146) (293,147) (292,148) (293,149) (292,150) (292,151) (292,152) (292,153) (293,154) (294,155) (294,156) (295,157) (296,158) (297,158) (298,159) (299,158) (0,157) (1,157) (2,157) (2,156) (1,155) (2,154) (1,153) (1,152) (1,151) (0,150) (1,149) (2,149) (3,149) (4,149) (3,148) (2,147) (1,146) (0,145) 
cluster2edge:(0,240) (299,239) (298,239) (297,239) (296,239) (295,238) (294,237) (293,237) (292,236) (291,237) (290,236) (289,235) (288,234) (287,234) (287,235) (288,236) (287,237) (288,238) (289,239) (290,238) (291,239) (292,240) (291,241) (292,242) (293,242) (294,242) (295,243) (295,244) (296,243) (297,243) (298,244) (298,243) (299,242) (0,243) (0,244) (0,245) (1,246) (2,246) (3,246) (3,245) (4,244) (4,243) (4,242) (4,241) (3,242) (2,241) (1,240) 
cluster3edge:(0,289) (299,288) (298,289) (297,288) (296,288) (295,288) (294,287) (293,288) (292,287) (291,286) (290,286) (289,285) (288,286) (287,285) (286,286) (285,285) (285,286) (284,287) (283,288) (284,289) (283,290) (283,291) (283,292) (284,292) (285,293) (286,293) (287,293) (288,293) (289,293) (290,294) (291,295) (292,295) (293,294) (294,294) (295,294) (296,294) (297,294) (298,295) (299,296) (0,295) (1,296) (2,296) (3,297) (4,298) (5,297) (6,297) (7,296) (8,296) (9,296) (10,296) (11,296) (12,296) (13,296) (14,295) (15,295) (16,295) (17,295) (18,295) (19,294) (18,294) (17,293) (18,292) (19,292) (20,291) (21,291) (22,291) (23,291) (24,290) (23,289) (22,288) (21,287) (20,287) (19,286) (18,287) (17,286) (16,286) (15,285) (14,286) (13,286) (12,287) (11,287) (10,288) (9,288) (8,289) (7,290) (6,289) (5,290) (4,289) (3,289) (2,289) (1,288) 
cluster4edge:(1,66) (1,67) (1,68) (2,67) (3,67) (4,67) (5,67) (6,67) (7,67) (6,66) (7,65) (6,65) (5,65) (4,64) (4,63) (3,64) (2,65) 
cluster5edge:(3,43) (3,44) (3,45) (4,46) (5,45) (5,44) (6,43) (6,42) (5,41) (4,42) 
cluster6edge:(5,49) (5,50) (6,51) (7,50) (8,49) (9,50) (10,49) (11,48) (11,47) (10,46) (9,47) (8,48) (7,48) (6,49) 
cluster7edge:(6,149) (7,149) 
cluster8edge:(8,4) (9,4) (10,5) (10,6) (11,7) (11,8) (12,8) (13,8) (14,9) (15,10) (16,11) (17,11) (18,12) (19,12) (20,12) (21,12) (22,13) (23,12) (24,13) (25,12) (26,13) (27,14) (28,13) (29,14) (30,13) (31,14) (32,13) (33,12) (32,11) (32,10) (32,9) (31,9) (30,9) (29,9) (28,8) (27,8) (26,8) (25,7) (26,6) (27,6) (28,6) (29,6) (30,6) (29,5) (28,4) (29,3) (28,3) (27,3) (26,2) (25,2) (24,1) (25,0) (26,299) (27,299) (26,298) (25,298) (24,298) (23,298) (22,299) (21,299) (20,299) (19,299) (18,299) (17,0) (16,0) (15,0) (14,0) (13,0) (12,0) (11,1) (11,2) (10,3) (9,3) 
cluster9edge:(12,73) (13,74) (14,74) (15,75) (15,76) (16,76) (17,77) (18,77) (19,77) (20,78) (21,78) (22,78) (23,78) (24,79) (25,79) (26,79) (27,79) (28,79) (29,79) (30,79) (31,79) (32,78) (33,77) (32,77) (31,77) (30,76) (31,75) (30,75) (29,74) (28,74) (27,73) (26,72) (25,72) (24,71) (23,71) (22,71) (21,71) (20,71) (19,70) (18,71) (17,70) (16,70) (15,70) (14,70) (13,70) (14,71) (13,72) 
cluster10edge:(12,111) (12,112) 
cluster11edge:(13,113) (14,113) (15,114) (16,113) (16,112) (16,111) (15,112) (14,112) 
cluster12edge:(19,64) (19,65) 
cluster13edge:(21,160) (22,161) (21,162) (22,162) (23,163) (24,163) (25,163) (26,163) (27,163) (27,162) (27,161) (26,160) (25,160) (24,160) (23,161) (22,160) 
cluster14edge:(22,111) (22,112) 
cluster15edge:(24,111) (24,112) 
cluster16edge:(24,114) (25,114) (26,114) (25,113) 
cluster17edge:(31,298) (32,299) (33,299) (34,299) (35,0) (34,1) (33,2) (34,3) (35,4) (36,5) (37,6) (38,6) (39,6) (40,6) (41,7) (40,8) (39,8) (38,8) (37,9) (38,9) (39,10) (39,11) (40,12) (41,12) (42,13) (41,14) (42,15) (43,14) (44,14) (45,13) (46,13) (47,12) (48,12) (49,12) (50,11) (51,10) (50,9) (49,8) (49,7) (48,7) (47,6) (47,5) (46,4) (45,3) (45,2) (44,3) (43,2) (42,1) (41,0) (40,299) (39,298) (39,297) (39,296) (38,296) (37,295) (38,294) (37,293) (36,294) (35,295) (34,296) (35,296) (36,297) (35,298) (34,298) (33,298) (32,298) 
cluster18edge:(32,69) (33,70) (34,71) (33,72) (34,73) (35,73) (36,74) (35,75) (34,76) (35,76) (36,76) (37,77) (38,77) (39,78) (40,79) (41,78) (42,78) (43,78) (44,79) (45,78) (46,77) (47,77) (48,76) (49,75) (50,74) (50,73) (50,72) (49,71) (49,70) (48,69) (48,68) (47,67) (46,67) (45,67) (44,68) (43,67) (42,68) (41,67) (40,66) (39,65) (38,64) (37,64) (36,64) (36,65) (35,66) (35,67) (36,67) (37,67) (38,67) (39,67) (40,67) (41,68) (40,69) (39,69) (38,69) (37,69) (36,69) (35,69) (34,69) (33,69) 
cluster19edge:(33,45) (34,45) (34,44) 
cluster20edge:(33,290) (34,290) 
cluster21edge:(35,287) (35,288) (36,288) (37,287) (36,287) 
cluster22edge:(37,23) (38,24) (39,24) (38,23) 
cluster23edge:(39,292) (39,293) 
cluster24edge:(47,55) (48,56) (49,57) (50,56) (49,55) (50,54) (51,53) (51,52) (52,51) (53,52) (54,52) (55,53) (56,52) (56,51) (57,50) (58,51) (59,50) (58,49) (59,48) (60,47) (61,46) (62,45) (63,46) (64,47) (65,48) (64,49) (65,50) (64,51) (63,52) (63,53) (63,54) (64,54) (65,54) (66,53) (67,52) (66,51) (67,50) (67,49) (66,48) (66,47) (65,46) (66,45) (65,44) (66,43) (65,42) (64,41) (63,42) (62,41) (61,40) (60,41) (61,41) (62,42) (61,43) (60,44) (59,44) (58,44) (57,44) (56,44) (57,45) (56,46) (57,47) (56,48) (55,49) (54,48) (53,48) (52,49) (51,50) (50,51) (49,52) (49,53) (48,54) 
cluster25edge:(56,15) (57,15) 
cluster26edge:(58,235) (59,235) (60,235) (61,236) (62,235) (63,234) (62,233) (63,232) (62,231) (61,230) (60,230) (59,231) (60,232) (59,233) (59,234) 
cluster27edge:(65,145) (66,146) (65,147) (66,148) (67,149) (66,150) (67,150) (68,151) (69,150) (70,151) (71,150) (70,149) (69,148) (69,147) (69,146) (68,145) (67,144) (66,144) 
cluster28edge:(66,171) (67,172) (68,171) (67,170) 
cluster29edge:(91,78) (92,79) (92,80) (92,81) (92,82) (92,83) (93,84) (93,85) (94,86) (95,86) (96,87) (96,86) (97,85) (98,85) (97,84) (98,83) (99,83) (100,83) (101,82) (102,81) (102,80) (101,79) (102,78) (103,78) (104,78) (103,77) (103,76) (102,75) (101,74) (100,75) (99,74) (98,74) (97,74) (96,74) (95,74) (94,75) (93,76) (92,77) 
cluster30edge:(93,174) (93,175) (93,176) (93,177) (93,178) (94,179) (95,178) (96,179) (97,180) (98,179) (99,178) (100,178) (101,177) (101,176) (101,175) (100,174) (99,173) (98,173) (97,173) (96,173) (95,173) (94,173) 
cluster31edge:(101,89) (102,89) 
cluster32edge:(102,20) (103,20) 
cluster33edge:(103,141) (103,142) (103,143) (104,144) (104,145) (105,145) (106,145) (107,144) (107,143) (108,142) (107,141) (106,140) (105,141) (104,140) 
cluster34edge:(105,22) (106,22) 
cluster35edge:(105,25) (106,26) (107,27) (108,26) (109,27) (110,26) (109,25) (108,25) (107,25) (106,25) 
cluster36edge:(113,161) (114,162) (114,163) (115,164) (115,165) (116,166) (116,167) (117,167) (118,166) (119,166) (118,165) (119,164) (120,164) (121,164) (120,163) (119,162) (120,161) (121,161) (122,161) (121,160) (120,159) (120,158) (119,159) (118,158) (118,157) (117,156) (116,157) (116,158) (115,159) (114,158) (114,159) (114,160) 
cluster37edge:(116,135) (116,136) (116,137) (117,136) 
cluster38edge:(118,168) (119,169) (120,168) (119,168) 
cluster39edge:(120,239) (120,240) (120,241) (120,242) (120,243) (121,244) (121,245) (122,245) (123,245) (124,245) (125,245) (126,244) (127,244) (128,244) (128,243) (129,242) (130,242) (131,242) (132,242) (133,242) (134,242) (135,243) (135,244) (134,245) (133,246) (132,246) (131,246) (132,247) (131,248) (130,248) (129,248) (128,248) (127,248) (126,248) (125,249) (126,250) (127,251) (128,252) (129,252) (130,253) (131,253) (132,253) (133,254) (134,253) (135,254) (136,255) (137,254) (138,255) (139,255) (140,256) (141,255) (142,256) (143,256) (144,256) (145,257) (146,258) (147,257) (146,256) (145,256) (144,255) (145,254) (146,253) (145,252) (144,252) (143,251) (144,250) (143,250) (142,249) (142,248) (141,247) (140,246) (140,245) (139,245) (138,244) (137,244) (136,243) (137,242) (138,242) (137,241) (137,240) (136,239) (135,238) (134,238) (133,238) (132,238) (131,237) (132,236) (133,236) (134,236) (135,235) (134,234) (133,234) (132,234) (131,233) (131,232) (130,231) (129,232) (128,231) (127,232) (126,231) (125,232) (125,233) (124,234) (123,235) (122,236) (122,237) (121,238) 
cluster40edge:(123,169) (123,170) (124,169) 
cluster41edge:(131,184) (131,185) (131,186) (131,187) (131,188) (131,189) (132,190) (132,191) (133,192) (134,193) (135,192) (136,193) (137,192) (138,193) (139,192) (140,191) (140,190) (140,189) (140,188) (140,187) (139,186) (139,185) (139,184) (138,183) (138,182) (137,181) (136,180) (135,180) (134,180) (133,181) (134,181) (135,182) (134,183) (133,183) (132,183) 
cluster42edge:(138,113) (139,114) (140,114) (141,114) (142,115) (143,115) (143,114) (144,113) (143,112) (142,111) (141,112) (140,111) (139,112) 
cluster43edge:(139,231) (140,232) (141,232) (142,232) (143,232) (144,232) (143,231) (142,231) (141,231) (140,231) 
cluster44edge:(141,234) (142,234) 
cluster45edge:(141,238) (142,238) 
cluster46edge:(142,40) (143,40) 
cluster47edge:(142,242) (143,242) 
cluster48edge:(145,37) (145,38) (146,38) (147,37) (148,36) (147,36) (146,36) 
cluster49edge:(145,278) (145,279) (145,280) (145,281) (145,282) (146,283) (147,282) (148,282) (149,282) (150,282) (151,282) (152,281) (152,280) (153,279) (152,279) (151,279) (150,279) (149,278) (150,277) (151,277) (152,277) (153,277) (153,276) (154,275) (155,274) (156,274) (157,274) (158,274) (157,273) (156,272) (157,271) (158,271) (157,270) (157,269) (156,268) (155,268) (154,267) (153,266) (152,265) (151,266) (152,267) (153,268) (152,269) (151,270) (152,271) (151,272) (150,273) (149,273) (148,274) (147,275) (146,276) (146,277) 
cluster50edge:(148,187) (148,188) (148,189) (149,190) (149,189) (150,188) (151,188) (152,188) (153,188) (154,188) (155,188) (156,189) (156,190) (155,191) (154,192) (153,192) (152,192) (151,191) (150,191) (149,192) (150,193) (149,194) (150,195) (149,196) (149,197) (150,198) (151,197) (152,198) (153,198) (154,198) (155,197) (156,196) (157,197) (158,196) (159,195) (160,196) (161,195) (162,195) (163,195) (163,194) (163,193) (163,192) (164,191) (164,190) (164,189) (163,188) (164,187) (163,186) (162,185) (162,184) (161,183) (161,182) (160,182) (159,181) (158,181) (157,181) (156,181) (155,181) (154,181) (153,181) (152,182) (151,183) (150,184) (149,185) (149,186) 
cluster51edge:(152,90) (153,91) (153,92) (154,93) (155,94) (154,95) (155,96) (156,96) (157,97) (158,98) (159,99) (160,100) (161,100) (162,100) (163,101) (164,100) (164,99) (163,99) (162,98) (163,97) (162,97) (161,96) (162,95) (163,95) (162,94) (163,93) (162,93) (161,93) (160,92) (159,91) (160,90) (161,90) (160,89) (160,88) (159,87) (158,86) (157,85) (156,85) (155,86) (154,87) (154,88) (153,89) 
cluster52edge:(154,250) (154,251) 
cluster53edge:(158,253) (158,254) 
cluster54edge:(159,255) (159,256) 
cluster55edge:(160,253) (160,254) (161,255) (162,254) (161,254) 
cluster56edge:(161,262) (162,263) (162,264) (163,264) (164,265) (164,266) (165,267) (166,268) (167,269) (166,270) (167,270) (168,269) (169,269) (170,268) (171,268) (172,268) (173,267) (174,266) (174,265) (175,264) (175,263) (174,262) (174,261) (173,260) (172,260) (171,259) (170,259) (169,258) (168,257) (167,258) (166,257) (165,256) (164,257) (163,258) (162,259) (163,260) (162,261) 
cluster57edge:(161,279) (162,279) 
cluster58edge:(162,28) (163,29) (164,29) (163,28) 
cluster59edge:(162,198) (162,199) (162,200) (162,201) (163,202) (164,203) (165,202) (164,201) (164,200) (164,199) (164,198) (163,198) 
cluster60edge:(163,19) (163,20) (164,21) (163,22) (164,23) (165,24) (166,23) (167,24) (168,23) (169,23) (170,22) (169,22) (168,21) (169,20) (170,19) (171,19) (172,18) (171,17) (170,17) (169,17) (168,16) (167,17) (166,16) (165,17) (164,18) 
cluster61edge:(163,255) (163,256) 
cluster62edge:(163,282) (164,282) (165,283) (166,282) (165,282) (164,281) 
cluster63edge:(164,81) (164,82) (165,82) 
cluster64edge:(174,26) (174,27) (174,28) (174,29) (175,30) (176,30) (177,30) (178,30) (179,29) (180,28) (180,27) (180,26) (179,25) (178,24) (177,24) (177,25) (176,26) (175,26) 
cluster65edge:(180,71) (181,72) (182,73) (183,74) (184,75) (185,75) (186,75) (187,75) (188,75) (189,74) (190,75) (191,74) (190,73) (189,72) (188,71) (187,70) (186,70) (185,70) (184,70) (183,69) (182,69) (181,70) 
cluster66edge:(203,245) (204,246) (205,245) (206,245) (207,245) (208,246) (208,247) (208,248) (207,249) (206,250) (205,250) (204,251) (205,252) (205,253) (206,253) (207,253) (208,252) (209,252) (210,251) (211,251) (212,251) (212,250) (213,249) (214,249) (214,248) (213,248) (212,248) (211,247) (212,246) (213,246) (212,245) (213,244) (214,243) (214,242) (214,241) (213,241) (212,240) (211,239) (210,238) (211,237) (210,236) (209,236) (208,236) (209,237) (208,238) (207,239) (206,240) (205,241) (206,242) (207,243) (206,244) (205,244) (204,245) 
cluster67edge:(203,247) (203,248) 
cluster68edge:(205,232) (206,233) (206,234) (207,235) (208,234) (209,234) (210,234) (209,233) (210,232) (209,231) (208,232) (207,233) (206,232) 
cluster69edge:(209,258) (210,259) (211,259) (212,260) (213,260) (214,261) (215,261) (216,261) (217,262) (218,263) (219,264) (220,263) (221,264) (222,264) (223,265) (224,264) (225,265) (226,264) (227,265) (228,264) (229,265) (230,264) (231,265) (232,265) (233,265) (234,265) (235,265) (236,264) (237,265) (238,264) (239,264) (240,264) (241,263) (242,263) (241,262) (242,261) (241,260) (240,260) (239,260) (238,260) (237,260) (236,259) (235,258) (234,258) (233,257) (232,257) (231,257) (230,257) (229,257) (228,257) (227,257) (226,257) (225,257) (224,257) (223,257) (222,256) (223,255) (224,255) (225,255) (224,254) (223,254) (222,254) (221,254) (220,254) (219,254) (218,254) (217,254) (216,254) (215,254) (214,254) (213,255) (212,255) (211,255) (210,256) (211,256) (212,256) (213,256) (214,256) (215,257) (214,258) (213,258) (212,258) (211,258) (210,258) 
cluster70edge:(215,233) (216,233) 
cluster71edge:(218,284) (219,285) (220,286) (221,285) (220,285) (219,284) (220,283) (221,283) (220,282) (219,283) 
cluster72edge:(219,233) (219,234) (220,234) 
cluster73edge:(224,250) (225,250) (226,250) (227,250) (228,250) (229,250) (230,251) (231,251) (232,251) (233,251) (234,251) (235,251) (236,251) (237,252) (236,253) (237,254) (238,254) (239,254) (240,254) (241,254) (242,255) (243,255) (244,255) (245,255) (245,254) (245,253) (245,252) (244,251) (244,250) (243,249) (242,248) (241,247) (240,247) (239,247) (238,246) (237,245) (236,246) (235,246) (236,247) (235,248) (234,248) (233,248) (232,248) (231,248) (230,248) (229,249) (228,249) (227,249) (226,249) (225,249) 
cluster74edge:(225,103) (226,104) (227,105) (228,105) (228,104) (227,103) (226,102) 
cluster75edge:(232,244) (233,244) (234,244) (235,244) (234,243) (233,242) (233,243) 
cluster76edge:(243,119) (244,120) (243,121) (244,122) (244,123) (245,124) (245,125) (246,126) (247,126) (248,127) (249,127) (250,127) (249,126) (249,125) (250,124) (251,124) (252,124) (253,124) (252,123) (253,122) (252,122) (251,121) (252,120) (251,119) (250,120) (249,119) (248,118) (247,118) (246,118) (245,118) (244,119) 
cluster77edge:(246,34) (247,35) (248,34) (247,34) 
cluster78edge:(253,98) (253,99) (253,100) (253,101) (253,102) (254,103) (255,104) (254,105) (255,105) (256,106) (257,105) (257,104) (258,103) (259,103) (258,102) (259,101) (260,101) (261,101) (261,100) (262,99) (263,98) (262,98) (261,97) (261,96) (262,95) (261,95) (260,95) (259,95) (258,94) (257,95) (256,95) (255,96) (254,97) 
cluster79edge:(257,124) (258,124) 
cluster80edge:(258,175) (258,176) (258,177) (259,178) (260,179) (261,180) (262,179) (261,178) (262,177) (263,177) (264,176) (263,176) (262,176) (261,175) (261,174) (260,174) (259,173) (259,174) 
cluster81edge:(259,34) (260,34) 
cluster82edge:(261,72) (262,73) (263,74) (264,75) (265,76) (266,76) (267,75) (268,76) (269,76) (270,76) (271,76) (272,76) (273,76) (274,76) (275,77) (276,77) (277,77) (278,77) (279,77) (280,77) (281,76) (282,77) (283,77) (284,77) (285,77) (286,77) (287,77) (288,76) (288,75) (288,74) (287,73) (286,73) (285,72) (284,72) (283,71) (282,70) (281,70) (280,69) (279,70) (278,69) (277,68) (277,67) (276,67) (275,66) (274,66) (273,65) (272,66) (271,65) (270,65) (269,65) (268,66) (267,66) (266,67) (265,67) (264,67) (263,68) (262,69) (262,70) (262,71) 
cluster83edge:(264,105) (265,105) 
cluster84edge:(266,184) (267,185) (267,186) (267,187) (268,186) (269,187) (270,186) (269,185) (270,184) (271,183) (271,182) (270,181) (269,182) (268,181) (268,182) (267,183) 
cluster85edge:(268,263) (269,264) (270,264) (271,265) (272,265) (273,266) (274,266) (275,267) (276,266) (277,265) (276,264) (275,263) (275,262) (275,261) (274,261) (273,261) (272,260) (271,259) (271,260) (272,261) (272,262) (271,263) (270,263) (269,263) 
cluster86edge:(272,40) (273,41) (274,42) (275,42) (276,43) (277,42) (278,43) (279,44) (280,45) (281,44) (282,45) (283,44) (284,45) (285,45) (286,45) (287,45) (288,45) (289,44) (290,44) (291,44) (292,44) (291,43) (292,42) (293,42) (293,41) (292,41) (291,40) (290,39) (291,38) (292,37) (291,37) (290,37) (289,36) (290,35) (289,35) (288,35) (287,35) (286,35) (285,36) (284,36) (283,36) (282,36) (281,36) (280,36) (279,36) (278,36) (277,36) (276,36) (275,36) (274,36) (274,37) (275,37) (276,37) (277,37) (278,37) (279,38) (278,39) (277,39) (276,39) (275,39) (274,39) (273,39) 
cluster87edge:(272,222) (273,223) (273,224) (274,223) (275,224) (276,225) (277,224) (276,223) (276,222) (275,222) (274,222) (273,221) 
cluster88edge:(273,295) (274,296) (273,297) (273,298) (274,299) (275,0) (276,1) (277,1) (278,2) (279,2) (280,3) (281,4) (280,5) (281,6) (280,7) (280,8) (280,9) (280,10) (280,11) (280,12) (279,13) (279,14) (280,15) (281,14) (282,13) (283,13) (284,13) (285,13) (286,13) (287,13) (288,14) (289,13) (288,12) (287,11) (286,10) (286,9) (285,8) (284,7) (285,6) (284,5) (285,4) (284,3) (285,2) (284,1) (285,0) (284,0) (283,0) (282,0) (281,0) (280,0) (279,0) (278,0) (277,299) (278,298) (279,298) (280,298) (281,298) (282,298) (283,298) (283,297) (282,297) (281,297) (280,297) (279,297) (278,297) (277,297) (276,296) (275,295) (274,295) 
cluster89edge:(277,33) (278,33) 
cluster90edge:(277,168) (278,168) 
cluster91edge:(278,225) (279,225) 
cluster92edge:(282,34) (283,34) 
cluster93edge:(283,222) (283,223) 
