cluster1edge:(0,113) (299,113) (298,112) (297,112) (296,113) (295,113) (294,112) (293,113) (292,113) (291,113) (290,114) (290,115) (291,115) (292,115) (293,116) (293,117) (293,118) (294,118) (295,118) (296,119) (297,119) (298,119) (299,119) (0,118) (1,119) (1,120) (1,121) (2,121) (3,121) (4,122) (4,123) (5,123) (6,123) (7,124) (8,125) (9,125) (10,125) (11,124) (12,123) (13,122) (14,122) (15,121) (16,122) (17,121) (18,122) (19,121) (20,121) (21,121) (22,121) (23,121) (24,120) (25,120) (26,119) (27,118) (28,118) (29,117) (29,116) (30,115) (31,115) (32,115) (33,115) (34,115) (35,115) (36,115) (37,115) (38,114) (39,114) (40,114) (41,115) (40,116) (39,116) (38,117) (38,118) (37,119) (38,120) (39,119) (40,120) (41,119) (42,119) (43,119) (44,119) (45,118) (45,117) (46,116) (45,115) (44,114) (43,114) (42,113) (41,113) (40,112) (39,112) (38,112) (37,113) (36,113) (35,113) (34,112) (35,111) (36,111) (36,110) (35,109) (36,108) (37,107) (38,107) (37,106) (36,105) (35,104) (34,104) (33,103) (32,104) (31,103) (30,103) (29,104) (28,105) (27,106) (26,107) (25,108) (25,109) (25,110) (24,111) (24,112) (23,113) (23,114) (22,115) (21,116) (20,117) (19,118) (18,119) (17,120) (16,120) (15,120) (14,121) (13,120) (12,119) (11,120) (10,119) (9,120) (8,119) (7,118) (6,117) (5,116) (4,115) (3,114) (2,113) (1,113) 
cluster2edge:(0,161) (299,162) (298,161) (298,162) (298,163) (299,163) (0,162) 
cluster3edge:(0,248) (299,247) (298,247) (297,247) (296,246) (295,245) (294,245) (293,245) (292,245) (291,245) (292,246) (291,247) (292,248) (291,249) (292,249) (293,250) (294,251) (295,251) (296,252) (297,253) (298,252) (299,253) (0,254) (1,253) (2,253) (3,254) (4,254) (5,253) (6,254) (7,253) (6,252) (6,251) (5,250) (4,249) (3,248) (2,248) (1,247) 
cluster4edge:(3,187) (4,188) (5,188) (6,187) (7,188) (7,189) (8,189) (9,189) (10,188) (11,189) (12,188) (13,187) (12,186) (11,185) (10,186) (9,186) (8,185) (7,185) (6,185) (5,185) (4,186) 
cluster5edge:(5,190) (6,190) 
cluster6edge:(8,192) (8,193) 
cluster7edge:(9,153) (10,153) 
cluster8edge:(9,191) (10,191) 
cluster9edge:(11,154) (12,154) 
cluster10edge:(11,239) (11,240) (11,241) (12,242) (11,243) (12,244) (13,245) (14,245) (15,245) (16,245) (17,244) (18,244) (19,244) (20,244) (21,244) (22,244) (23,243) (24,242) (25,241) (26,241) (27,241) (28,240) (29,240) (30,240) (30,239) (30,238) (30,237) (29,236) (28,235) (27,234) (26,233) (25,233) (24,233) (23,233) (22,233) (21,233) (20,233) (19,233) (18,233) (17,234) (16,234) (15,234) (14,235) (13,236) (12,237) (12,238) 
cluster11edge:(13,189) (13,190) 
cluster12edge:(22,250) (23,250) 
cluster13edge:(39,81) (39,82) (39,83) (40,82) (40,81) 
cluster14edge:(40,84) (41,85) (42,86) (43,85) (42,84) (41,84) 
cluster15edge:(44,78) (45,78) (46,78) (47,79) (46,80) (47,80) (48,81) (49,80) (48,79) (48,78) (48,77) (47,78) (46,77) (45,77) 
cluster16edge:(57,243) (57,244) (57,245) (58,244) (59,245) (59,244) (58,243) 
cluster17edge:(61,190) (62,191) (61,192) (62,193) (63,194) (64,194) (65,194) (66,193) (66,192) (65,191) (65,190) (65,189) (64,188) (63,189) (62,188) (62,189) 
cluster18edge:(68,79) (69,80) (68,81) (68,82) (68,83) (69,84) (70,84) (71,84) (72,84) (73,84) (74,84) (75,84) (76,84) (77,84) (78,84) (79,84) (79,83) (78,82) (78,81) (77,80) (76,80) (75,79) (74,79) (73,79) (72,78) (71,78) (70,78) (69,79) 
cluster19edge:(71,197) (72,198) (73,199) (74,200) (75,200) (76,200) (77,200) (78,199) (78,198) (78,197) (77,196) (77,195) (76,195) (75,195) (74,194) (73,195) (72,196) 
cluster20edge:(73,92) (74,92) (75,93) (76,94) (77,94) (78,95) (79,94) (80,94) (81,94) (82,94) (83,94) (84,93) (85,92) (84,91) (83,91) (82,90) (81,90) (80,89) (79,89) (78,89) (77,89) (76,89) (75,89) (76,90) (75,91) (74,91) 
cluster21edge:(91,149) (91,150) (92,151) (93,151) (94,152) (95,153) (96,152) (97,152) (98,151) (99,151) (100,151) (100,150) (101,149) (102,148) (103,147) (104,147) (105,147) (106,146) (107,146) (108,146) (109,146) (110,147) (111,147) (112,147) (113,147) (114,147) (115,148) (116,148) (117,148) (118,148) (119,148) (120,148) (121,149) (122,148) (123,148) (124,148) (125,147) (126,146) (125,146) (124,146) (123,146) (122,146) (121,146) (120,146) (119,146) (118,145) (119,144) (120,144) (119,143) (119,142) (120,141) (121,141) (122,141) (123,140) (122,140) (121,139) (120,139) (119,138) (118,137) (117,137) (116,136) (115,135) (114,134) (115,133) (114,133) (113,133) (112,132) (113,131) (112,131) (111,130) (110,131) (111,132) (110,133) (109,134) (108,135) (107,136) (106,137) (105,138) (104,138) (103,139) (102,140) (102,141) (101,142) (102,143) (101,144) (100,145) (99,144) (98,145) (97,146) (96,146) (95,147) (94,147) (93,147) (93,148) (92,149) 
cluster22edge:(106,77) (107,78) (107,79) (108,80) (109,81) (109,82) (109,83) (110,84) (111,84) (112,84) (113,84) (114,84) (115,84) (116,84) (117,84) (118,84) (119,85) (118,86) (117,86) (116,86) (115,86) (114,86) (113,86) (112,86) (111,86) (110,86) (111,87) (112,87) (113,87) (114,87) (115,87) (116,87) (117,87) (118,88) (119,88) (120,88) (121,88) (122,88) (123,87) (124,87) (125,87) (126,87) (127,86) (127,85) (128,84) (127,83) (126,82) (125,81) (124,81) (123,80) (122,80) (121,80) (120,79) (119,79) (118,79) (117,78) (116,78) (115,78) (114,77) (113,77) (112,76) (111,75) (110,76) (109,75) (108,76) (107,75) (107,76) 
cluster23edge:(111,93) (111,94) (111,95) (112,95) (113,96) (112,97) (113,98) (114,99) (113,100) (114,100) (115,101) (116,101) (117,102) (118,103) (119,103) (120,104) (121,105) (122,106) (123,105) (124,106) (125,107) (126,108) (127,108) (128,108) (129,109) (130,109) (131,110) (132,110) (133,109) (134,110) (135,109) (136,110) (137,110) (138,110) (139,111) (140,110) (141,111) (142,111) (143,110) (144,111) (145,111) (146,110) (147,110) (148,110) (149,109) (150,108) (151,107) (150,106) (149,105) (148,105) (147,105) (146,106) (145,105) (144,105) (143,105) (142,105) (141,104) (142,103) (141,103) (140,103) (139,102) (140,101) (139,101) (138,100) (137,100) (136,99) (135,99) (134,99) (133,99) (132,99) (131,99) (130,98) (129,98) (128,98) (127,97) (126,97) (125,96) (125,95) (124,95) (123,95) (122,94) (123,93) (122,93) (121,92) (120,92) (119,92) (118,92) (117,92) (116,92) (115,92) (114,92) (113,92) (112,93) 
cluster24edge:(123,188) (123,189) 
cluster25edge:(124,190) (124,191) (125,192) (126,192) (127,192) (128,191) (127,191) (126,191) (125,191) 
cluster26edge:(125,187) (126,187) 
cluster27edge:(127,189) (128,189) 
cluster28edge:(131,85) (132,85) 
cluster29edge:(146,287) (146,288) (147,288) (148,287) (149,287) (150,287) (149,286) (149,285) (148,285) (147,286) 
cluster30edge:(147,143) (147,144) (148,144) (149,145) (150,146) (151,145) (152,146) (153,145) (154,145) (155,144) (155,143) (156,142) (155,141) (155,140) (154,140) (154,141) (153,142) (152,142) (151,142) (150,142) (149,142) (148,142) 
cluster31edge:(158,262) (159,263) (159,264) (160,265) (160,266) (161,267) (162,267) (163,268) (164,269) (165,270) (166,269) (167,268) (168,267) (167,267) (166,266) (167,265) (167,264) (166,264) (165,263) (165,262) (165,261) (164,261) (163,260) (163,259) (162,260) (161,259) (160,260) (159,260) (159,261) 
cluster32edge:(159,182) (160,183) (160,184) (161,185) (162,185) (163,184) (163,183) (164,182) (164,181) (164,180) (163,180) (162,180) (161,180) (160,180) (160,181) 
cluster33edge:(162,193) (163,194) (163,195) (164,196) (165,195) (165,194) (166,193) (165,193) (164,192) (165,191) (164,191) (163,191) (163,192) 
cluster34edge:(173,264) (174,265) (175,265) (176,266) (175,267) (176,268) (177,269) (178,268) (179,268) (180,267) (181,266) (180,265) (180,264) (179,264) (178,263) (177,263) (176,263) (175,262) (175,263) (174,264) 
cluster35edge:(180,275) (181,275) 
cluster36edge:(184,267) (185,267) 
cluster37edge:(190,4) (191,5) (192,5) (193,6) (194,6) (195,6) (196,6) (197,6) (198,6) (199,6) (200,6) (201,6) (202,6) (203,6) (204,5) (205,4) (206,4) (207,4) (208,5) (209,5) (210,5) (211,5) (212,4) (211,3) (210,2) (211,1) (212,1) (212,0) (212,299) (212,298) (211,297) (210,297) (209,296) (208,296) (207,296) (206,295) (205,295) (204,296) (203,296) (202,296) (201,297) (200,298) (199,298) (198,299) (197,0) (196,299) (195,0) (194,0) (193,0) (192,1) (191,2) (191,3) 
cluster38edge:(193,212) (193,213) (193,214) (193,215) (193,216) (194,217) (195,216) (196,215) (196,214) (196,213) (196,212) (195,212) (194,211) 
cluster39edge:(195,11) (195,12) (195,13) (195,14) (196,15) (197,15) (198,16) (199,17) (200,17) (201,18) (202,18) (203,18) (204,19) (205,18) (206,19) (207,18) (208,19) (209,18) (210,19) (211,20) (212,19) (213,20) (214,19) (213,18) (212,17) (211,16) (212,15) (211,14) (212,13) (211,12) (210,11) (210,10) (209,9) (208,10) (207,10) (206,10) (205,10) (204,10) (203,10) (202,11) (201,11) (200,11) (199,11) (198,11) (197,11) (196,11) 
cluster40edge:(215,20) (215,21) (216,22) (217,21) (216,21) 
cluster41edge:(232,91) (232,92) 
cluster42edge:(233,153) (234,154) (233,155) (233,156) (233,157) (234,158) (235,159) (236,159) (237,159) (238,159) (239,158) (240,157) (241,156) (242,156) (242,155) (243,154) (242,154) (241,153) (242,152) (241,151) (240,150) (239,151) (238,150) (237,151) (236,150) (235,151) (234,152) 
cluster43edge:(235,34) (235,35) (236,34) 
cluster44edge:(240,163) (241,164) (241,165) (242,166) (243,167) (244,168) (245,169) (244,170) (245,170) (246,171) (247,172) (248,171) (249,172) (250,171) (250,170) (250,169) (249,168) (250,167) (251,167) (252,167) (252,166) (251,165) (250,165) (249,164) (249,163) (248,163) (247,163) (246,163) (245,162) (244,163) (243,163) (242,163) (241,163) 
cluster45edge:(243,34) (244,35) (243,36) (244,36) (245,35) (245,34) (244,34) 
cluster46edge:(244,155) (245,155) (245,154) 
cluster47edge:(250,126) (250,127) (251,128) (251,129) (251,130) (252,131) (252,132) (253,133) (254,134) (255,135) (256,136) (257,137) (258,136) (259,136) (260,136) (261,136) (262,136) (263,136) (264,136) (265,136) (266,136) (267,137) (268,137) (269,137) (270,138) (271,139) (272,140) (273,139) (274,138) (275,139) (276,138) (277,137) (278,136) (278,135) (279,134) (279,133) (280,132) (281,131) (280,130) (281,129) (282,129) (283,128) (284,129) (285,128) (286,129) (287,129) (288,130) (289,130) (290,130) (291,130) (292,130) (293,131) (294,131) (295,130) (296,130) (297,129) (298,129) (299,128) (298,127) (299,126) (298,126) (297,125) (296,124) (295,124) (294,124) (293,123) (292,123) (291,123) (290,122) (291,121) (290,121) (289,121) (288,120) (287,120) (286,120) (285,120) (284,120) (283,120) (282,119) (281,119) (280,118) (279,117) (278,116) (277,117) (276,116) (275,115) (274,115) (273,116) (272,116) (271,116) (270,116) (269,115) (269,114) (268,114) (267,113) (266,113) (265,113) (264,113) (263,112) (262,112) (261,112) (260,112) (259,113) (258,114) (257,115) (256,116) (256,117) (255,118) (254,119) (254,120) (253,121) (252,122) (251,123) (251,124) (251,125) 
cluster48edge:(269,249) (270,250) (271,251) (271,252) (272,253) (272,252) (273,251) (274,250) (273,249) (272,248) (271,249) (270,248) 
cluster49edge:(275,244) (275,245) (276,246) (277,245) (278,245) (279,245) (280,245) (279,244) (278,244) (277,243) (276,244) 
cluster50edge:(282,258) (283,259) (284,260) (284,261) (285,262) (286,262) (287,262) (287,261) (288,260) (289,259) (290,260) (291,259) (291,258) (291,257) (292,256) (291,255) (290,254) (289,253) (288,254) (287,253) (286,254) (285,255) (284,256) (283,257) 
cluster51edge:(284,171) (284,172) (284,173) (284,174) (285,175) (286,175) (287,176) (288,177) (289,178) (290,177) (289,176) (290,175) (289,174) (288,173) (287,172) (286,172) (285,172) 
cluster52edge:(288,113) (289,113) 
