cluster1edge:(0,58) (299,58) (298,59) (297,60) (296,61) (296,62) (296,63) (295,64) (296,65) (296,66) (296,67) (296,68) (297,69) (297,70) (298,71) (299,72) (299,73) (0,74) (1,75) (2,75) (3,75) (4,75) (5,75) (6,75) (7,75) (6,74) (7,73) (8,73) (8,72) (8,71) (9,70) (8,70) (7,69) (8,68) (9,68) (8,67) (9,66) (10,66) (11,65) (10,65) (9,65) (8,64) (8,63) (8,62) (7,62) (6,62) (5,62) (4,61) (3,61) (2,60) (1,60) (0,59) (1,58) 
cluster2edge:(0,184) (299,184) (298,184) (297,184) (296,184) (295,183) (294,184) (293,184) (292,185) (291,186) (291,187) (292,188) (291,189) (292,190) (292,191) (293,192) (294,193) (295,194) (296,195) (297,196) (298,197) (299,198) (299,199) (0,199) (1,200) (2,200) (3,200) (4,200) (3,199) (3,198) (4,197) (5,196) (6,196) (7,196) (8,196) (9,196) (10,196) (11,196) (12,196) (13,196) (14,196) (15,196) (16,196) (17,196) (16,195) (15,195) (14,194) (13,195) (12,195) (11,195) (10,195) (9,195) (8,195) (7,194) (6,193) (5,193) (4,193) (3,192) (4,191) (5,191) (6,191) (7,191) (8,191) (9,190) (10,189) (11,189) (12,188) (11,187) (11,186) (10,185) (9,186) (8,185) (7,186) (6,185) (5,185) (4,186) (3,186) (2,185) (1,185) 
cluster3edge:(7,246) (7,247) (7,248) (8,249) (8,250) (8,251) (9,252) (9,253) (9,254) (10,255) (10,256) (11,257) (12,257) (13,257) (14,256) (15,257) (15,256) (16,255) (15,254) (15,253) (16,252) (15,251) (16,250) (17,250) (18,249) (19,249) (20,249) (20,248) (20,247) (19,247) (18,246) (19,245) (19,244) (20,243) (21,243) (22,243) (23,243) (22,242) (21,241) (21,240) (20,239) (19,238) (18,237) (17,237) (16,237) (15,237) (14,237) (13,238) (12,238) (11,238) (10,239) (9,240) (9,241) (9,242) (8,243) (8,244) (8,245) 
cluster4edge:(9,81) (10,82) (11,83) (12,84) (13,83) (14,83) (15,83) (16,83) (17,83) (18,83) (19,83) (20,83) (21,83) (22,82) (23,83) (24,82) (25,82) (26,81) (27,80) (27,79) (28,78) (27,77) (27,76) (27,75) (27,74) (26,73) (25,72) (24,72) (23,71) (22,71) (21,70) (20,70) (19,70) (18,70) (18,71) (18,72) (17,73) (16,73) (15,73) (16,74) (15,75) (14,75) (13,75) (12,75) (12,76) (11,77) (12,77) (13,78) (12,79) (11,79) (10,80) 
cluster5edge:(11,200) (12,201) (12,202) (11,203) (12,204) (13,204) (14,205) (15,204) (16,204) (17,204) (16,203) (17,202) (16,201) (15,201) (14,200) (13,199) (12,200) 
cluster6edge:(14,66) (15,66) (16,66) (17,66) (18,67) (19,67) (20,67) (21,67) (20,66) (20,65) (19,64) (18,63) (17,63) (16,63) (15,63) (15,64) (15,65) 
cluster7edge:(18,17) (18,18) (18,19) (19,20) (19,21) (20,22) (21,23) (22,22) (22,21) (23,20) (22,20) (21,20) (20,19) (21,18) (22,18) (23,18) (22,17) (21,17) (20,17) (19,16) 
cluster8edge:(18,224) (18,225) (19,226) (20,227) (21,228) (22,229) (23,229) (24,228) (25,227) (24,227) (23,227) (22,226) (22,225) (21,225) (20,225) (19,225) 
cluster9edge:(19,178) (19,179) (20,180) (21,181) (22,180) (23,179) (24,180) (25,179) (26,180) (27,181) (28,180) (29,181) (30,181) (31,182) (32,182) (33,183) (34,182) (35,182) (36,181) (37,181) (38,181) (39,182) (40,182) (41,182) (42,181) (43,181) (44,181) (45,180) (45,179) (45,178) (45,177) (45,176) (46,175) (45,174) (44,173) (43,172) (42,172) (41,172) (40,171) (39,171) (38,171) (37,171) (36,171) (35,171) (34,171) (33,171) (32,171) (31,172) (30,172) (29,173) (28,173) (27,173) (27,174) (26,175) (25,174) (24,175) (23,176) (22,176) (21,176) (20,177) 
cluster10edge:(19,222) (19,223) (20,223) 
cluster11edge:(20,255) (21,255) 
cluster12edge:(21,118) (22,118) 
cluster13edge:(26,26) (26,27) (27,28) (28,29) (29,29) (30,29) (29,28) (28,27) (27,26) 
cluster14edge:(29,63) (30,64) (31,65) (32,65) (33,65) (34,65) (35,64) (36,63) (37,64) (38,63) (39,64) (39,63) (40,62) (41,62) (41,61) (40,61) (39,60) (39,59) (38,58) (37,57) (36,57) (35,57) (34,57) (33,58) (32,58) (31,59) (32,60) (31,61) (30,62) 
cluster15edge:(31,118) (32,119) (32,120) (32,121) (33,122) (34,123) (35,124) (34,125) (35,126) (36,126) (37,126) (38,127) (39,126) (40,127) (41,126) (42,125) (41,124) (40,123) (39,123) (38,122) (39,121) (38,121) (37,121) (36,120) (37,119) (36,118) (35,118) (34,117) (33,117) (32,117) 
cluster16edge:(36,188) (37,189) (37,190) (38,190) (39,191) (40,192) (41,191) (42,192) (43,191) (42,191) (41,190) (42,189) (42,188) (41,188) (40,188) (39,188) (38,187) (39,186) (38,186) (37,186) (37,187) 
cluster17edge:(39,90) (39,91) (39,92) (39,93) (40,94) (39,95) (40,96) (40,97) (41,98) (42,99) (41,100) (41,101) (42,100) (43,101) (43,102) (44,103) (45,104) (45,103) (46,102) (47,102) (48,101) (49,101) (50,101) (51,101) (52,101) (53,100) (54,100) (55,100) (56,99) (55,98) (56,97) (57,97) (56,96) (57,95) (58,95) (59,95) (60,95) (61,95) (60,94) (59,93) (59,92) (58,91) (57,90) (56,89) (55,88) (54,87) (53,86) (52,87) (51,86) (50,85) (49,86) (48,85) (47,86) (46,85) (45,86) (44,85) (43,86) (42,87) (41,88) (40,89) 
cluster18edge:(42,66) (43,67) (44,66) (43,66) 
cluster19edge:(42,183) (43,183) 
cluster20edge:(46,53) (47,54) (48,54) (49,55) (50,55) (51,55) (52,54) (53,54) (54,53) (55,53) (56,53) (56,52) (57,51) (56,51) (55,50) (56,49) (57,49) (58,48) (57,48) (56,47) (55,46) (54,47) (53,48) (52,47) (51,48) (51,49) (50,50) (51,51) (52,52) (52,53) (51,54) (50,54) (49,54) (48,53) (47,53) 
cluster21edge:(50,190) (51,191) (51,190) 
cluster22edge:(52,65) (53,65) 
cluster23edge:(52,79) (52,80) (52,81) (53,80) (54,81) (54,80) (54,79) (53,79) 
cluster24edge:(55,68) (55,69) (56,70) (57,71) (58,72) (59,73) (59,74) (60,75) (61,76) (62,75) (63,74) (64,73) (63,72) (64,71) (65,70) (64,69) (65,68) (64,67) (63,66) (63,65) (62,65) (61,65) (60,65) (59,65) (58,66) (57,67) (56,66) (56,67) 
cluster25edge:(63,102) (64,102) (65,102) (65,101) (64,101) 
cluster26edge:(68,258) (68,259) (68,260) (69,260) (70,261) (71,260) (72,259) (71,258) (70,257) (69,258) 
cluster27edge:(73,266) (74,266) (74,265) 
cluster28edge:(76,266) (77,266) 
cluster29edge:(77,98) (77,99) 
cluster30edge:(78,191) (78,192) 
cluster31edge:(79,201) (79,202) (80,203) (80,202) 
cluster32edge:(80,238) (80,239) 
cluster33edge:(82,251) (83,252) (82,253) (82,254) (83,254) (84,255) (85,254) (86,255) (86,254) (87,253) (88,253) (89,252) (90,251) (91,251) (92,250) (93,250) (94,249) (95,250) (96,250) (97,251) (98,251) (99,251) (100,252) (101,252) (102,253) (103,252) (104,253) (105,252) (106,253) (107,252) (108,252) (107,251) (106,250) (105,249) (104,249) (103,248) (104,247) (105,247) (104,246) (103,246) (102,245) (103,244) (102,244) (101,244) (100,244) (99,244) (98,244) (97,245) (96,244) (95,245) (94,245) (93,245) (92,244) (91,245) (90,244) (89,245) (88,244) (87,244) (86,243) (85,244) (84,244) (83,245) (83,246) (83,247) (83,248) (84,249) (83,250) 
cluster34edge:(85,105) (86,106) (86,107) (86,108) (86,109) (86,110) (86,111) (87,111) (88,112) (88,113) (88,114) (89,115) (88,116) (89,117) (89,118) (89,119) (90,120) (91,121) (91,122) (92,123) (92,124) (92,125) (92,126) (93,127) (94,128) (95,128) (96,129) (97,130) (98,131) (99,131) (100,131) (101,131) (102,131) (103,132) (104,132) (105,132) (106,132) (107,132) (108,133) (109,133) (110,133) (111,132) (111,131) (111,130) (110,129) (109,128) (108,127) (107,127) (106,126) (105,126) (104,126) (103,125) (102,125) (101,124) (100,123) (100,122) (99,121) (98,120) (98,119) (97,118) (97,117) (96,116) (95,115) (94,116) (93,115) (92,114) (92,113) (91,112) (92,111) (91,110) (90,109) (91,108) (90,107) (89,106) (89,105) (88,104) (87,104) (86,105) 
cluster35edge:(87,275) (88,275) 
cluster36edge:(91,47) (91,48) 
cluster37edge:(99,137) (100,138) (100,139) (101,140) (102,141) (103,141) (104,142) (105,143) (106,143) (107,144) (108,144) (109,144) (110,145) (111,144) (112,145) (113,144) (112,143) (113,142) (112,141) (113,140) (112,140) (111,139) (110,138) (109,139) (108,138) (107,138) (106,138) (105,138) (104,138) (103,137) (102,137) (101,137) (100,136) 
cluster38edge:(107,244) (108,244) 
cluster39edge:(108,69) (109,70) (108,71) (109,72) (110,73) (111,73) (112,73) (113,73) (114,73) (115,73) (116,73) (115,72) (116,71) (117,71) (117,70) (118,69) (117,69) (116,68) (115,67) (114,68) (113,67) (112,68) (111,67) (110,68) (109,68) 
cluster40edge:(111,79) (111,80) (112,81) (113,81) (114,81) (115,82) (116,82) (117,82) (118,82) (119,82) (120,83) (121,83) (122,83) (123,83) (124,83) (125,82) (126,83) (127,83) (128,82) (129,82) (130,82) (131,81) (132,81) (133,80) (133,79) (133,78) (133,77) (133,76) (132,75) (131,74) (130,74) (129,73) (128,74) (127,73) (126,74) (125,74) (124,74) (123,75) (122,75) (121,75) (120,75) (119,76) (118,76) (117,76) (116,76) (115,76) (114,77) (115,77) (116,77) (117,77) (118,77) (119,77) (120,77) (121,78) (120,79) (119,79) (118,79) (117,79) (116,79) (115,79) (114,79) (113,79) (112,79) 
cluster41edge:(128,237) (129,238) (130,239) (129,240) (130,241) (131,242) (132,241) (132,240) (132,239) (132,238) (131,237) (132,236) (131,236) (130,237) (129,236) 
cluster42edge:(144,35) (145,36) (146,36) (147,37) (148,38) (149,37) (150,37) (151,36) (152,35) (151,35) (150,34) (151,33) (150,33) (149,32) (148,32) (147,32) (146,32) (147,33) (146,34) (145,34) 
cluster43edge:(148,86) (149,87) (150,88) (150,89) (151,90) (152,91) (153,91) (154,91) (155,92) (156,92) (157,92) (158,93) (159,93) (160,93) (159,92) (159,91) (160,90) (159,89) (158,88) (159,87) (160,87) (161,86) (160,86) (159,86) (158,86) (157,85) (158,84) (157,83) (158,82) (158,81) (157,81) (156,81) (155,80) (154,81) (153,80) (152,81) (151,81) (150,82) (149,83) (149,84) (149,85) 
cluster44edge:(149,126) (149,127) 
cluster45edge:(150,40) (151,40) 
cluster46edge:(168,58) (168,59) (169,60) (169,61) (170,61) (171,61) (172,61) (173,60) (173,59) (173,58) (172,58) (171,58) (170,58) (169,58) 
cluster47edge:(184,22) (185,23) (184,24) (184,25) (184,26) (185,27) (186,26) (187,26) (188,26) (189,26) (190,26) (191,26) (190,25) (191,24) (191,23) (190,22) (189,22) (188,22) (187,22) (186,22) (185,22) 
cluster48edge:(186,20) (187,20) 
cluster49edge:(186,28) (187,29) (188,28) (187,28) 
cluster50edge:(192,69) (192,70) (193,71) (194,70) (194,69) (193,68) 
cluster51edge:(206,14) (206,15) (207,16) (208,15) (209,14) (210,14) (211,13) (210,12) (209,12) (208,13) (207,12) (207,13) 
cluster52edge:(206,79) (207,80) (208,81) (209,81) (210,80) (209,79) (208,78) (207,78) 
cluster53edge:(210,22) (211,22) 
cluster54edge:(226,4) (227,4) 
cluster55edge:(229,4) (230,4) 
cluster56edge:(239,215) (240,216) (239,217) (239,218) (239,219) (240,220) (241,220) (242,220) (243,220) (244,219) (244,218) (245,217) (246,217) (247,216) (246,215) (245,214) (244,214) (243,213) (242,214) (241,213) (240,214) 
cluster57edge:(240,287) (241,288) (242,288) (243,288) (244,288) (245,287) (246,287) (247,287) (248,287) (249,287) (249,286) (250,285) (249,284) (248,284) (247,284) (246,283) (245,284) (244,284) (243,285) (242,285) (241,286) 
cluster58edge:(245,227) (246,228) (247,229) (246,230) (247,230) (248,231) (249,230) (250,229) (251,230) (251,229) (252,228) (253,227) (253,226) (254,225) (254,224) (255,223) (255,222) (254,221) (253,222) (252,223) (251,222) (250,221) (250,222) (249,223) (248,223) (249,224) (248,225) (247,225) (246,226) 
cluster59edge:(247,293) (247,294) (248,295) (249,294) (248,293) 
cluster60edge:(256,220) (256,221) (257,222) (258,221) (258,220) (257,219) 
cluster61edge:(260,141) (260,142) (261,142) (262,143) (263,143) (264,143) (265,143) (266,143) (267,142) (268,141) (267,141) (266,141) (265,140) (266,139) (267,139) (268,139) (269,139) (270,138) (270,137) (270,136) (269,135) (268,136) (267,135) (266,134) (265,134) (264,134) (263,134) (262,134) (261,135) (262,136) (261,137) (261,138) (261,139) (261,140) 
cluster62edge:(267,178) (267,179) (267,180) (268,179) (269,179) (270,179) (271,179) (272,179) (273,179) (274,178) (275,179) (276,179) (277,180) (278,180) (277,179) (276,178) (275,177) (274,176) (273,176) (272,175) (271,176) (270,176) (269,176) (268,177) 
cluster63edge:(268,146) (269,146) (270,147) (271,148) (272,147) (272,146) (273,145) (272,145) (271,145) (270,145) (269,145) 
cluster64edge:(270,23) (270,24) (271,24) 
cluster65edge:(271,186) (272,186) 
cluster66edge:(275,232) (276,232) 
cluster67edge:(283,290) (283,291) (283,292) (283,293) (284,293) (285,293) (286,292) (287,292) (286,291) (287,290) (286,290) (285,290) (284,290) 
cluster68edge:(290,291) (291,291) 
cluster69edge:(295,114) (295,115) (296,114) (296,113) 
