cluster1edge:(0,42) (299,43) (298,43) (297,44) (296,45) (295,46) (294,47) (293,46) (292,47) (292,48) (292,49) (293,50) (292,51) (293,52) (294,52) (295,53) (295,52) (296,51) (297,51) (298,52) (299,52) (0,52) (1,53) (1,54) (1,55) (2,56) (3,56) (4,56) (5,56) (6,56) (7,57) (8,57) (9,57) (8,56) (9,55) (8,55) (7,54) (8,53) (9,52) (8,51) (9,50) (10,50) (11,50) (11,49) (10,48) (11,47) (11,46) (10,47) (9,46) (9,45) (8,44) (7,43) (6,42) (6,41) (5,40) (4,39) (3,39) (2,39) (1,40) (1,41) 
cluster2edge:(0,65) (1,66) (2,65) (2,64) (1,64) 
cluster3edge:(0,159) (299,160) (298,161) (297,162) (296,163) (295,164) (294,163) (293,164) (292,163) (291,164) (290,165) (289,164) (288,165) (287,165) (286,165) (286,166) (286,167) (286,168) (287,169) (288,170) (289,171) (290,171) (291,172) (292,172) (293,172) (294,171) (295,171) (296,171) (296,170) (296,169) (297,168) (298,169) (298,170) (298,171) (299,170) (0,169) (1,169) (2,170) (3,169) (4,169) (5,169) (6,169) (7,169) (8,169) (9,169) (10,169) (11,169) (10,168) (9,168) (8,167) (9,166) (10,166) (11,166) (12,166) (13,166) (14,165) (15,165) (16,164) (15,163) (14,163) (13,162) (14,161) (13,160) (12,159) (11,159) (10,158) (9,157) (8,157) (7,156) (6,155) (5,156) (4,156) (3,156) (2,157) (1,158) 
cluster4edge:(0,280) (299,279) (299,280) (299,281) 
cluster5edge:(1,75) (1,76) (2,76) 
cluster6edge:(1,290) (1,291) 
cluster7edge:(1,293) (1,294) (1,295) (1,296) (2,295) (3,296) (4,297) (5,296) (5,295) (5,294) (5,293) (4,292) (3,292) (2,292) 
cluster8edge:(10,203) (11,203) 
cluster9edge:(14,60) (14,61) 
cluster10edge:(15,56) (16,57) (16,58) (17,58) (18,57) (19,56) (18,55) (17,54) (16,55) 
cluster11edge:(32,247) (32,248) (33,249) (32,250) (33,251) (34,252) (35,253) (34,254) (35,254) (36,255) (37,256) (38,256) (39,257) (40,257) (41,257) (42,258) (43,259) (44,260) (45,261) (45,262) (46,263) (46,264) (46,265) (47,266) (46,267) (47,268) (46,269) (46,270) (46,271) (46,272) (46,273) (46,274) (47,275) (48,276) (49,277) (50,276) (51,276) (52,277) (53,277) (54,277) (55,277) (54,276) (54,275) (54,274) (54,273) (54,272) (53,271) (54,270) (53,270) (52,269) (53,268) (54,267) (54,266) (54,265) (54,264) (54,263) (55,262) (54,261) (53,261) (52,260) (52,259) (52,258) (53,257) (54,257) (54,256) (54,255) (55,254) (54,254) (53,254) (52,254) (51,253) (50,252) (49,252) (48,252) (47,252) (46,252) (45,251) (44,250) (43,250) (42,250) (41,250) (40,250) (39,249) (38,249) (37,249) (36,249) (35,248) (35,247) (34,247) (33,247) 
cluster12edge:(44,242) (44,243) (45,242) 
cluster13edge:(50,28) (51,29) (52,29) (53,30) (54,29) (55,30) (56,29) (57,29) (58,29) (59,29) (58,28) (59,27) (60,26) (59,25) (58,24) (57,23) (56,23) (55,23) (54,24) (53,24) (53,25) (52,26) (51,26) (52,27) (51,28) 
cluster14edge:(51,83) (51,84) (51,85) (51,86) (52,87) (53,86) (54,86) (55,86) (56,85) (57,84) (58,84) (59,84) (58,83) (59,82) (58,81) (57,80) (56,79) (55,80) (54,80) (53,80) (52,81) (52,82) 
cluster15edge:(51,283) (52,284) (52,285) (53,286) (54,285) (55,286) (56,286) (57,286) (58,285) (57,285) (56,284) (57,283) (58,282) (57,282) (56,282) (55,282) (54,282) (53,282) (52,282) 
cluster16edge:(52,90) (53,91) (53,92) (54,93) (53,94) (54,94) (55,95) (56,95) (57,94) (58,95) (59,94) (60,93) (61,92) (61,91) (61,90) (60,89) (60,88) (59,89) (58,89) (58,90) (57,91) (56,91) (55,91) (54,90) (53,90) 
cluster17edge:(58,177) (59,178) (60,177) (59,177) 
cluster18edge:(58,249) (59,249) 
cluster19edge:(59,252) (60,253) (60,254) (61,255) (61,256) (61,257) (62,258) (63,259) (64,259) (65,260) (65,259) (66,258) (67,257) (67,256) (68,255) (67,254) (66,253) (65,252) (64,251) (63,252) (62,252) (61,252) (60,252) 
cluster20edge:(62,278) (63,278) (64,279) (65,279) (66,279) (67,280) (66,281) (65,281) (64,281) (63,281) (63,282) (64,283) (65,283) (66,284) (67,284) (68,284) (69,283) (69,282) (69,281) (68,280) (68,279) (67,279) (66,278) (65,277) (64,276) (63,277) 
cluster21edge:(63,18) (64,19) (64,18) (64,17) 
cluster22edge:(65,164) (65,165) (66,166) (67,165) (66,164) 
cluster23edge:(66,19) (66,20) 
cluster24edge:(68,178) (68,179) (69,179) 
cluster25edge:(69,181) (70,182) (71,183) (72,184) (73,185) (74,185) (75,185) (76,186) (76,187) (77,188) (78,188) (79,188) (80,189) (80,188) (80,187) (79,186) (79,185) (78,184) (77,183) (76,182) (75,183) (74,182) (73,183) (72,182) (71,181) (71,180) (70,181) 
cluster26edge:(79,281) (80,282) (79,283) (80,284) (81,284) (82,284) (83,284) (84,284) (85,284) (86,283) (86,282) (86,281) (85,281) (84,280) (83,280) (82,280) (81,280) (80,281) 
cluster27edge:(83,28) (84,29) (85,30) (86,30) (87,31) (88,31) (89,30) (88,29) (88,28) (87,29) (86,28) (86,27) (85,28) (84,28) 
cluster28edge:(94,77) (95,78) (95,79) (95,80) (95,81) (96,82) (97,82) (98,83) (99,83) (100,82) (101,82) (100,81) (99,80) (100,79) (101,79) (102,79) (103,79) (104,79) (105,79) (106,79) (107,79) (106,78) (106,77) (106,76) (106,75) (106,74) (105,74) (104,73) (103,73) (102,73) (101,72) (100,72) (99,72) (98,73) (97,73) (96,73) (96,74) (95,75) (95,76) 
cluster29edge:(103,138) (104,138) 
cluster30edge:(103,270) (104,271) (104,272) (105,273) (106,274) (107,274) (106,273) (107,272) (108,271) (109,270) (108,270) (107,270) (106,270) (105,269) (104,269) 
cluster31edge:(104,84) (105,85) (105,86) (106,87) (107,88) (108,87) (109,88) (110,87) (111,87) (111,86) (112,85) (111,84) (112,83) (111,82) (110,82) (109,82) (108,82) (107,82) (106,83) (105,84) 
cluster32edge:(106,252) (107,253) (108,252) (107,252) 
cluster33edge:(108,278) (109,278) 
cluster34edge:(109,37) (110,38) (111,38) (112,38) (113,39) (114,39) (115,40) (116,40) (117,41) (118,40) (119,41) (120,40) (121,40) (122,39) (122,38) (122,37) (122,36) (122,35) (121,36) (120,36) (119,36) (118,36) (117,37) (116,37) (115,37) (114,37) (113,37) (112,37) (111,37) (110,37) 
cluster35edge:(111,250) (111,251) (112,252) (113,251) (112,251) 
cluster36edge:(112,254) (113,254) 
cluster37edge:(113,137) (114,137) 
cluster38edge:(114,32) (115,33) (114,34) (115,34) (116,34) (117,34) (118,34) (119,34) (120,34) (121,34) (120,33) (119,32) (118,32) (117,32) (116,31) (115,32) 
cluster39edge:(115,139) (116,140) (117,141) (118,142) (119,141) (118,140) (117,139) (116,139) 
cluster40edge:(115,265) (116,265) 
cluster41edge:(118,267) (118,268) (119,268) (120,268) (121,269) (120,270) (119,270) (118,270) (118,271) (119,272) (120,273) (121,273) (122,274) (123,274) (124,274) (125,274) (126,273) (127,272) (126,271) (126,270) (125,269) (124,268) (123,268) (122,267) (121,267) (120,267) (119,267) 
cluster42edge:(120,3) (120,4) (121,5) (122,6) (123,7) (124,7) (125,7) (124,6) (125,5) (124,4) (125,3) (126,3) (125,2) (124,2) (123,1) (122,2) (121,2) 
cluster43edge:(125,222) (126,222) (127,223) (128,222) (129,222) (130,222) (131,221) (130,221) (129,220) (128,219) (127,219) (127,220) (126,221) 
cluster44edge:(140,229) (141,230) (142,231) (143,232) (144,231) (145,232) (146,232) (147,231) (148,232) (149,232) (150,233) (151,232) (152,232) (153,232) (154,231) (155,232) (156,231) (157,232) (158,231) (157,230) (156,229) (155,228) (154,227) (153,228) (152,227) (151,226) (150,226) (149,227) (148,226) (147,227) (146,226) (145,226) (144,226) (143,226) (142,225) (141,226) (142,227) (141,228) 
cluster45edge:(142,215) (142,216) (142,217) (142,218) (143,219) (143,220) (144,221) (145,221) (146,221) (147,220) (148,221) (149,220) (150,220) (151,220) (152,220) (152,219) (153,218) (152,217) (151,216) (151,215) (150,214) (149,214) (148,213) (147,212) (146,213) (145,213) (144,213) (143,214) 
cluster46edge:(143,146) (144,147) (144,148) (145,148) (146,149) (147,150) (148,150) (149,151) (150,150) (149,150) (148,149) (148,148) (147,147) (146,147) (145,146) (144,146) 
cluster47edge:(143,180) (144,181) (143,182) (144,182) (145,182) (146,182) (147,182) (148,182) (149,182) (150,182) (151,182) (150,181) (149,180) (148,179) (147,178) (146,178) (145,179) (144,178) (144,179) 
cluster48edge:(146,184) (147,184) 
cluster49edge:(157,26) (158,26) (159,26) (160,26) (161,26) (161,25) (162,24) (161,24) (160,24) (159,24) (158,24) (158,25) 
cluster50edge:(158,79) (159,80) (158,81) (158,82) (159,83) (160,82) (161,83) (162,82) (163,82) (164,82) (165,82) (166,82) (165,81) (166,80) (167,80) (168,80) (169,80) (168,79) (167,78) (168,77) (169,77) (170,77) (171,77) (172,77) (173,77) (174,77) (175,77) (176,77) (177,77) (178,77) (177,76) (178,75) (179,75) (180,75) (181,75) (180,74) (179,73) (178,72) (177,71) (176,71) (175,70) (174,70) (173,70) (172,69) (171,69) (170,69) (169,69) (168,69) (167,70) (166,70) (165,70) (164,71) (163,71) (162,72) (162,73) (161,74) (160,75) (160,76) (159,77) (159,78) 
cluster51edge:(160,91) (160,92) (161,92) 
cluster52edge:(162,226) (162,227) (163,227) (164,227) (165,227) (165,226) (164,226) (163,225) 
cluster53edge:(164,89) (165,90) (164,91) (165,92) (166,92) (167,93) (168,94) (169,94) (170,95) (171,96) (172,96) (173,97) (174,98) (175,99) (176,100) (176,101) (177,102) (178,103) (179,104) (180,103) (181,104) (182,103) (183,104) (184,103) (185,103) (186,103) (187,102) (188,102) (189,102) (190,102) (191,102) (192,101) (193,101) (194,101) (195,100) (196,100) (197,100) (198,99) (199,98) (200,97) (201,96) (201,95) (201,94) (201,93) (201,92) (200,91) (200,90) (199,89) (199,88) (198,87) (198,86) (197,85) (197,84) (196,83) (195,82) (194,82) (193,82) (192,82) (191,81) (190,81) (189,81) (188,80) (187,80) (186,80) (185,80) (185,81) (184,82) (183,82) (182,82) (181,82) (180,82) (179,82) (178,82) (177,82) (176,83) (175,83) (174,83) (175,84) (174,85) (173,85) (172,85) (171,86) (170,86) (169,86) (168,87) (167,87) (166,88) (165,88) 
cluster54edge:(198,222) (199,223) (200,224) (201,223) (202,223) (203,224) (204,225) (205,224) (206,225) (207,224) (206,223) (205,222) (204,221) (204,220) (203,221) (202,220) (201,220) (202,221) (201,222) (200,222) (199,222) 
cluster55edge:(208,212) (209,213) (208,214) (209,215) (210,215) (211,216) (212,215) (211,214) (212,213) (211,212) (210,211) (209,211) 
cluster56edge:(219,158) (220,158) (220,157) 
cluster57edge:(220,79) (220,80) (220,81) (221,80) 
cluster58edge:(223,188) (223,189) (223,190) (223,191) (223,192) (224,193) (225,194) (226,194) (227,194) (228,193) (229,193) (230,193) (231,192) (232,191) (231,190) (230,190) (229,189) (230,188) (229,188) (228,187) (227,187) (226,187) (225,188) (224,187) 
cluster59edge:(228,77) (229,78) (230,78) (231,78) (232,79) (233,79) (232,78) (233,77) (234,77) (235,77) (236,77) (237,77) (238,77) (237,76) (237,75) (236,74) (235,74) (234,73) (233,72) (232,73) (231,73) (230,73) (230,74) (230,75) (229,76) 
cluster60edge:(228,113) (228,114) (228,115) (228,116) (229,117) (230,118) (231,118) (232,118) (232,117) (231,117) (230,116) (231,115) (232,115) (233,115) (234,114) (233,113) (232,113) (231,113) (230,113) (229,112) 
cluster61edge:(237,229) (237,230) (237,231) (238,232) (238,233) (239,233) (240,233) (241,234) (241,233) (242,232) (243,232) (244,232) (243,231) (244,230) (245,230) (245,229) (245,228) (244,227) (243,226) (242,227) (241,226) (240,227) (239,227) (238,227) (238,228) 
cluster62edge:(240,164) (240,165) (240,166) (241,167) (242,167) (243,168) (244,169) (243,170) (244,170) (245,171) (246,172) (247,172) (248,172) (249,172) (250,173) (251,172) (252,172) (253,172) (253,171) (253,170) (253,169) (253,168) (253,167) (252,166) (252,165) (251,164) (250,165) (249,164) (248,164) (247,164) (246,164) (245,163) (244,163) (243,164) (242,165) (241,164) 
cluster63edge:(252,159) (253,159) 
cluster64edge:(255,160) (256,160) 
cluster65edge:(261,187) (261,188) (261,189) (262,190) (261,191) (262,192) (261,193) (262,194) (263,195) (262,196) (263,196) (264,196) (265,196) (264,195) (265,194) (266,194) (267,194) (268,193) (267,192) (267,191) (268,190) (269,190) (270,189) (271,188) (272,188) (273,188) (274,187) (275,187) (274,186) (275,185) (276,185) (277,185) (276,184) (277,183) (278,183) (279,183) (280,183) (281,183) (280,182) (279,181) (278,181) (277,181) (276,181) (275,181) (274,181) (273,181) (272,181) (271,180) (270,180) (269,180) (268,180) (267,180) (266,181) (265,181) (264,182) (263,183) (264,183) (265,184) (264,185) (263,185) (262,186) 
cluster66edge:(267,204) (268,205) (269,204) (269,203) (268,204) 
cluster67edge:(269,120) (270,121) (269,122) (269,123) (269,124) (270,125) (271,126) (272,127) (273,128) (274,128) (275,128) (276,128) (277,128) (278,128) (279,128) (280,127) (279,126) (280,125) (281,125) (282,125) (283,125) (284,125) (285,125) (285,124) (285,123) (286,122) (285,122) (284,121) (283,120) (282,119) (281,119) (280,118) (279,118) (278,118) (277,118) (276,117) (275,117) (274,117) (273,118) (272,117) (271,118) (270,119) 
cluster68edge:(269,133) (270,134) (269,135) (270,136) (270,137) (271,138) (272,139) (273,138) (274,139) (274,140) (275,139) (274,138) (275,137) (275,136) (275,135) (274,135) (273,134) (274,133) (273,132) (272,132) (271,133) (270,132) 
cluster69edge:(281,132) (281,133) (282,133) (283,134) (283,135) (284,136) (285,136) (286,136) (287,137) (288,138) (289,138) (290,138) (291,138) (292,139) (293,140) (294,139) (295,138) (295,137) (295,136) (296,135) (295,134) (295,133) (296,132) (295,131) (296,130) (295,129) (295,128) (294,129) (293,128) (292,128) (291,128) (290,128) (289,128) (290,129) (289,130) (288,130) (287,130) (286,130) (285,130) (285,131) (284,132) (283,132) (282,132) 
cluster70edge:(286,128) (287,128) 
cluster71edge:(290,290) (290,291) (290,292) (291,293) (292,294) (293,295) (294,294) (293,293) (294,292) (295,292) (294,291) (294,290) (293,289) (292,290) (291,289) 
cluster72edge:(294,125) (295,126) (296,127) (297,128) (297,129) (298,128) (299,128) (298,127) (299,126) (299,125) (298,126) (297,125) (296,124) (296,123) (295,124) 
