cluster1edge:(0,222) (0,223) (0,224) (1,223) (1,222) (1,221) 
cluster2edge:(5,126) (6,126) 
cluster3edge:(16,104) (16,105) (17,106) (18,107) (19,108) (20,109) (21,110) (22,111) (23,112) (24,111) (25,112) (26,111) (27,111) (26,110) (27,109) (28,109) (29,109) (30,110) (31,111) (32,112) (33,111) (34,111) (35,110) (35,109) (36,108) (35,107) (35,106) (36,105) (35,104) (34,103) (33,102) (32,102) (31,101) (30,101) (29,101) (28,101) (27,101) (26,102) (27,103) (27,104) (28,104) (29,105) (28,106) (29,107) (28,108) (27,108) (26,108) (25,108) (24,108) (23,108) (22,107) (21,106) (22,105) (23,104) (23,103) (24,102) (23,102) (22,102) (21,102) (20,102) (19,101) (18,101) (17,102) (17,103) 
cluster4edge:(20,252) (21,253) (20,254) (20,255) (21,256) (22,255) (23,255) (24,255) (25,255) (26,255) (26,254) (25,253) (24,253) (23,252) (22,253) (21,252) 
cluster5edge:(26,62) (26,63) (27,62) (28,62) (27,61) 
cluster6edge:(26,78) (26,79) (27,80) (28,81) (29,82) (28,83) (29,83) (30,84) (31,84) (32,84) (33,84) (34,83) (35,83) (36,83) (36,82) (35,81) (36,80) (35,79) (34,78) (33,78) (32,78) (31,77) (30,78) (29,78) (28,78) (27,78) 
cluster7edge:(27,64) (27,65) (28,65) (29,65) (28,64) 
cluster8edge:(28,76) (29,76) 
cluster9edge:(32,277) (33,278) (34,278) (35,278) (36,278) (37,278) (38,278) (39,278) (40,278) (41,278) (42,278) (43,279) (44,279) (45,279) (46,279) (47,279) (48,279) (49,279) (50,280) (49,281) (50,281) (51,281) (52,280) (53,279) (54,279) (55,278) (56,278) (57,278) (56,277) (56,276) (55,276) (54,275) (53,274) (52,274) (51,274) (50,274) (49,274) (48,274) (47,274) (46,274) (45,274) (44,274) (43,274) (42,273) (41,274) (40,273) (39,274) (38,273) (37,273) (36,273) (35,274) (34,275) (33,275) (33,276) 
cluster10edge:(33,94) (34,95) (34,96) (35,97) (36,97) (37,97) (38,98) (39,98) (40,98) (41,97) (42,97) (43,96) (44,97) (45,96) (46,96) (47,96) (48,96) (49,96) (50,96) (51,96) (52,96) (53,96) (54,96) (55,96) (56,96) (57,96) (58,96) (59,95) (60,94) (61,93) (60,92) (61,91) (62,90) (61,89) (60,88) (59,88) (58,88) (57,88) (56,88) (55,87) (54,87) (53,87) (52,87) (51,87) (50,87) (49,87) (48,86) (47,86) (46,86) (45,87) (44,87) (43,87) (42,87) (41,87) (40,88) (40,89) (41,89) (42,89) (43,89) (44,90) (43,91) (42,91) (41,91) (40,91) (39,91) (38,91) (38,92) (37,93) (36,94) (35,95) (34,94) 
cluster11edge:(36,35) (37,35) 
cluster12edge:(38,37) (39,37) 
cluster13edge:(38,67) (38,68) (38,69) (38,70) (38,71) (39,72) (39,73) (40,74) (40,75) (41,75) (42,75) (43,75) (44,75) (45,76) (44,77) (44,78) (43,79) (44,79) (45,79) (46,80) (47,80) (48,80) (49,80) (50,80) (51,81) (52,82) (53,82) (54,82) (55,82) (56,82) (57,82) (58,82) (59,83) (60,83) (61,83) (62,83) (63,83) (64,82) (64,81) (63,80) (63,79) (63,78) (62,77) (61,76) (60,75) (59,74) (58,74) (57,73) (56,73) (55,72) (54,71) (53,71) (52,71) (51,70) (50,70) (49,69) (48,68) (47,68) (46,67) (45,67) (44,66) (43,66) (42,66) (41,66) (40,66) (39,66) 
cluster14edge:(38,83) (39,83) 
cluster15edge:(50,211) (51,212) (50,213) (50,214) (51,215) (51,216) (52,216) (53,217) (54,218) (55,217) (56,218) (57,217) (56,217) (55,216) (56,215) (57,215) (58,215) (59,215) (58,214) (57,214) (56,213) (57,212) (56,211) (55,211) (54,211) (53,210) (52,210) (51,210) 
cluster16edge:(61,209) (62,210) (62,209) 
cluster17edge:(64,236) (65,237) (66,237) (67,237) (68,237) (69,237) (70,237) (71,236) (70,236) (69,236) (68,236) (67,236) (66,236) (65,236) 
cluster18edge:(66,241) (67,241) (68,241) (69,242) (68,243) (69,244) (70,244) (71,245) (72,245) (73,246) (74,245) (75,246) (76,245) (77,246) (78,245) (79,246) (80,245) (79,244) (78,243) (77,242) (77,241) (76,241) (75,240) (74,240) (73,240) (72,239) (71,239) (70,239) (69,239) (68,239) (67,239) (67,240) 
cluster19edge:(78,289) (79,290) (80,291) (81,292) (82,292) (83,292) (84,293) (85,292) (86,292) (87,292) (88,293) (89,293) (90,293) (91,293) (92,293) (93,293) (94,293) (95,293) (96,293) (97,293) (98,294) (99,294) (100,294) (101,293) (102,292) (103,292) (104,291) (105,290) (105,289) (104,288) (104,287) (103,287) (102,286) (101,286) (100,286) (99,286) (98,286) (97,286) (96,286) (95,286) (94,285) (94,286) (93,287) (92,287) (91,287) (90,286) (91,285) (90,285) (89,286) (88,285) (87,285) (86,285) (85,284) (84,283) (83,283) (82,284) (81,283) (80,284) (80,285) (79,286) (79,287) (79,288) 
cluster20edge:(79,59) (79,60) (79,61) (79,62) (79,63) (80,64) (81,65) (82,65) (83,65) (84,65) (85,65) (86,64) (85,63) (84,62) (85,61) (86,60) (85,60) (84,59) (84,58) (83,58) (82,58) (81,58) (80,58) 
cluster21edge:(79,168) (79,169) (80,170) (81,171) (82,172) (83,171) (84,172) (85,171) (86,172) (87,171) (88,172) (89,173) (89,174) (89,175) (90,175) (91,176) (92,176) (93,176) (94,176) (95,176) (96,176) (97,176) (98,176) (99,177) (98,178) (97,178) (96,178) (95,178) (96,179) (97,179) (98,179) (99,180) (100,180) (101,180) (102,180) (103,181) (102,182) (103,182) (104,183) (104,182) (104,181) (105,180) (106,180) (107,180) (108,181) (109,181) (110,181) (111,182) (112,182) (113,183) (114,183) (115,183) (116,183) (117,183) (118,183) (119,183) (120,183) (121,184) (122,184) (123,184) (124,184) (125,185) (126,186) (127,186) (128,187) (129,186) (130,186) (131,186) (132,187) (133,187) (134,187) (135,187) (136,188) (137,189) (138,189) (139,189) (140,189) (141,189) (142,188) (141,187) (142,186) (141,185) (140,184) (139,183) (138,182) (137,182) (136,182) (135,182) (134,181) (133,180) (132,181) (131,180) (130,179) (129,179) (128,178) (127,177) (126,177) (125,176) (124,175) (123,174) (122,175) (121,174) (120,174) (119,173) (118,173) (117,173) (116,172) (115,173) (114,172) (113,171) (112,171) (111,171) (110,171) (109,170) (109,169) (108,170) (107,169) (106,168) (105,169) (104,168) (103,169) (102,168) (101,167) (100,167) (99,166) (98,167) (97,166) (96,166) (95,165) (94,165) (93,164) (92,165) (91,164) (90,165) (89,164) (88,165) (87,165) (86,165) (85,165) (84,165) (83,165) (82,165) (81,165) (80,165) (81,166) (80,167) 
cluster22edge:(82,261) (82,262) (82,263) (83,264) (82,265) (83,266) (84,266) (85,265) (84,264) (84,263) (83,262) (84,261) (85,261) (86,261) (87,261) (88,260) (87,260) (86,259) (85,258) (84,257) (84,258) (83,259) (83,260) 
cluster23edge:(87,65) (88,65) 
cluster24edge:(104,185) (105,186) (106,187) (106,188) (107,189) (108,190) (109,191) (110,192) (111,193) (111,194) (112,195) (113,196) (114,196) (115,196) (116,197) (117,197) (118,197) (119,198) (120,198) (121,198) (122,199) (123,200) (123,201) (124,200) (125,201) (126,201) (127,201) (128,201) (129,201) (130,201) (131,200) (132,200) (133,199) (134,199) (135,198) (136,197) (137,198) (138,197) (139,197) (140,198) (141,197) (142,197) (143,197) (144,196) (143,196) (142,196) (141,196) (140,195) (140,194) (141,193) (140,193) (139,193) (138,193) (137,192) (136,192) (135,192) (134,192) (133,192) (132,192) (131,192) (130,191) (129,190) (128,190) (127,189) (126,189) (125,189) (124,189) (123,189) (122,189) (121,189) (120,188) (119,188) (118,187) (117,186) (116,186) (115,186) (114,186) (113,186) (112,186) (111,186) (110,186) (109,186) (108,186) (107,186) (106,185) (106,184) (106,183) (105,184) 
cluster25edge:(116,289) (117,290) (116,291) (117,291) (118,292) (119,293) (120,292) (121,293) (122,292) (121,291) (121,290) (120,289) (119,289) (118,288) (117,289) 
cluster26edge:(135,209) (136,210) (137,211) (137,212) (138,213) (139,214) (140,215) (141,215) (142,216) (143,215) (144,214) (144,213) (143,212) (143,211) (144,210) (145,209) (145,208) (146,207) (145,207) (144,206) (143,207) (142,206) (141,207) (140,206) (139,207) (138,206) (137,207) (136,208) 
cluster27edge:(144,50) (145,51) (146,52) (147,52) (147,51) (148,50) (149,50) (149,49) (148,49) (147,49) (146,50) (145,49) 
cluster28edge:(144,199) (145,199) 
cluster29edge:(146,45) (147,45) (148,46) (149,46) (150,46) (151,47) (151,48) (152,47) (153,47) (153,46) (154,45) (153,44) (154,43) (155,43) (156,42) (157,42) (156,41) (157,40) (158,40) (159,40) (160,40) (161,39) (160,38) (161,37) (162,37) (161,36) (160,35) (161,34) (162,34) (163,34) (164,34) (165,33) (166,32) (167,32) (168,32) (168,31) (167,30) (168,29) (167,28) (166,29) (165,28) (164,27) (163,27) (162,27) (161,27) (160,26) (159,27) (158,27) (157,27) (156,27) (155,28) (154,28) (153,28) (152,29) (151,30) (150,31) (149,32) (148,33) (149,34) (149,35) (148,36) (148,37) (149,38) (149,39) (148,40) (147,41) (148,42) (148,43) (147,44) 
cluster30edge:(163,273) (164,274) (165,274) (166,274) (167,273) (166,273) (165,272) (164,273) 
cluster31edge:(164,42) (165,42) 
cluster32edge:(172,114) (173,114) (174,114) (173,113) 
cluster33edge:(180,287) (180,288) (181,289) (182,288) (182,287) (181,286) 
cluster34edge:(193,238) (194,238) 
cluster35edge:(206,37) (207,38) (208,39) (209,38) (208,37) (207,37) 
cluster36edge:(217,105) (217,106) (217,107) (217,108) (217,109) (217,110) (217,111) (217,112) (218,113) (219,114) (220,115) (220,116) (221,117) (222,117) (223,117) (224,118) (225,118) (226,117) (227,117) (228,117) (229,116) (230,116) (231,115) (232,115) (233,115) (234,115) (235,115) (236,115) (237,115) (238,114) (237,114) (236,113) (237,112) (238,112) (239,111) (238,110) (239,109) (238,108) (238,107) (237,107) (236,106) (237,105) (238,104) (237,103) (236,102) (235,101) (235,100) (234,99) (234,98) (234,97) (234,96) (233,95) (232,94) (231,93) (230,94) (229,93) (228,94) (227,93) (226,94) (225,94) (224,94) (223,95) (222,96) (223,97) (222,98) (221,99) (220,99) (220,100) (219,101) (219,102) (219,103) (218,104) 
cluster37edge:(221,184) (222,185) (221,186) (222,187) (223,188) (224,189) (225,189) (226,190) (227,190) (228,190) (229,189) (230,190) (231,189) (232,188) (231,187) (230,186) (229,187) (228,186) (227,186) (226,185) (225,185) (224,185) (223,184) (222,184) 
cluster38edge:(228,76) (228,77) (228,78) (228,79) (228,80) (229,80) (230,80) (231,80) (230,79) (230,78) (230,77) (230,76) (229,76) 
cluster39edge:(229,124) (230,125) (231,126) (231,127) (232,128) (233,128) (234,128) (235,129) (236,129) (237,129) (238,129) (239,129) (240,129) (241,129) (242,129) (243,129) (244,129) (245,128) (246,129) (246,128) (247,127) (246,127) (245,126) (246,125) (247,124) (247,123) (246,122) (246,121) (246,120) (245,120) (244,120) (243,119) (243,118) (244,117) (243,117) (242,117) (241,117) (240,117) (239,118) (238,118) (237,118) (236,118) (235,118) (234,119) (234,120) (233,121) (232,121) (231,121) (230,121) (231,122) (230,123) 
cluster40edge:(239,289) (239,290) (240,291) (241,292) (242,291) (242,290) (241,289) (240,288) 
cluster41edge:(243,109) (244,109) 
cluster42edge:(265,284) (266,285) (266,286) (267,287) (268,286) (269,287) (270,286) (271,287) (272,286) (271,285) (272,284) (271,283) (270,283) (269,283) (268,283) (267,283) (266,284) 
cluster43edge:(269,40) (270,40) 
cluster44edge:(287,206) (287,207) (287,208) (287,209) (287,210) (287,211) (288,212) (289,213) (290,213) (291,213) (292,213) (293,213) (294,212) (295,213) (295,212) (295,211) (296,210) (295,209) (295,208) (294,207) (293,206) (292,205) (291,206) (290,206) (289,205) (288,205) 
cluster45edge:(291,59) (291,60) 
cluster46edge:(292,219) (293,220) (293,221) (294,222) (294,223) (295,224) (296,225) (297,225) (298,225) (298,224) (298,223) (298,222) (298,221) (298,220) (298,219) (298,218) (297,218) (296,219) (295,218) (294,218) (293,218) 
cluster47edge:(293,59) (293,60) 
cluster48edge:(297,211) (297,212) 
