cluster1edge:(0,231) (299,231) (298,230) (297,231) (296,230) (295,231) (294,232) (294,233) (294,234) (295,235) (295,234) (296,233) (297,234) (298,235) (299,236) (299,235) (0,234) (1,234) (0,233) (1,232) 
cluster2edge:(1,54) (2,55) (3,56) (4,57) (5,58) (6,59) (6,60) (7,61) (8,60) (9,61) (9,62) (10,62) (11,62) (12,62) (13,61) (14,61) (13,60) (12,60) (11,59) (12,58) (13,58) (14,58) (14,57) (13,56) (14,55) (13,54) (14,53) (15,53) (14,52) (13,51) (13,50) (12,50) (11,50) (10,50) (9,50) (8,51) (7,50) (6,51) (5,52) (4,51) (3,52) (2,53) 
cluster3edge:(1,238) (1,239) (1,240) (1,241) (2,242) (3,242) (4,241) (5,241) (6,241) (7,241) (8,241) (9,241) (10,241) (10,240) (10,239) (9,238) (8,237) (8,236) (7,237) (6,236) (6,237) (5,238) (4,238) (3,238) (2,237) 
cluster4edge:(2,208) (3,209) (2,210) (2,211) (2,212) (3,213) (4,214) (5,215) (6,216) (7,216) (8,216) (9,216) (9,215) (10,214) (11,214) (12,213) (11,212) (10,212) (9,212) (8,211) (7,211) (6,210) (7,209) (8,209) (9,209) (8,208) (7,208) (6,208) (5,208) (4,207) (3,207) 
cluster5edge:(3,274) (3,275) (4,274) (5,275) (6,276) (7,275) (6,274) (5,273) (4,273) 
cluster6edge:(6,120) (7,121) (8,122) (7,123) (8,124) (9,124) (10,125) (11,126) (12,125) (13,126) (14,126) (15,126) (16,126) (17,126) (18,126) (19,125) (20,126) (21,126) (22,126) (22,125) (23,124) (24,124) (25,124) (26,124) (27,124) (28,124) (29,124) (30,123) (31,122) (32,122) (33,122) (32,121) (31,121) (30,120) (30,119) (29,119) (28,118) (29,117) (30,117) (30,116) (29,116) (28,115) (27,115) (26,115) (25,114) (24,114) (23,115) (22,114) (21,113) (20,114) (19,113) (18,114) (17,114) (16,114) (15,114) (14,114) (13,115) (12,115) (11,115) (10,116) (9,117) (8,118) (7,119) 
cluster7edge:(11,131) (11,132) (11,133) (11,134) (11,135) (11,136) (11,137) (12,138) (12,139) (12,140) (13,141) (14,142) (15,142) (16,143) (17,143) (18,143) (17,142) (16,141) (17,140) (16,139) (15,138) (15,137) (16,136) (17,136) (16,135) (15,135) (14,135) (13,134) (14,133) (15,133) (16,133) (17,133) (17,132) (18,131) (17,131) (16,131) (15,131) (14,131) (13,131) (12,132) 
cluster8edge:(16,276) (17,277) (16,278) (17,279) (18,280) (19,279) (20,279) (21,279) (22,279) (23,279) (24,280) (25,281) (26,280) (27,280) (28,280) (29,279) (30,279) (31,279) (32,280) (33,279) (34,279) (35,279) (36,280) (37,280) (38,280) (39,280) (40,280) (41,280) (42,280) (43,280) (44,280) (45,280) (46,280) (47,280) (47,279) (48,278) (47,277) (47,276) (46,275) (46,274) (45,273) (44,273) (43,273) (42,272) (41,271) (40,271) (39,271) (38,271) (37,270) (36,270) (35,270) (34,270) (33,270) (32,270) (31,270) (30,270) (29,270) (28,270) (27,270) (26,271) (25,271) (24,272) (23,272) (22,273) (21,273) (20,274) (19,275) (18,276) (17,275) 
cluster9edge:(22,283) (22,284) (22,285) (23,286) (24,287) (25,287) (26,288) (27,288) (28,289) (29,289) (30,290) (31,290) (32,290) (33,291) (34,291) (35,292) (36,291) (37,292) (38,292) (39,292) (40,292) (41,292) (42,293) (43,292) (44,293) (45,293) (46,293) (47,293) (48,293) (49,294) (50,293) (51,293) (52,293) (53,293) (54,292) (55,292) (54,291) (55,290) (56,290) (57,289) (56,288) (57,287) (56,286) (55,285) (54,284) (53,283) (52,283) (51,284) (50,284) (49,284) (48,284) (47,284) (46,284) (45,284) (44,284) (43,284) (42,284) (41,284) (40,284) (39,284) (38,284) (37,284) (36,284) (35,284) (34,284) (33,284) (32,284) (31,284) (30,284) (29,284) (28,284) (27,284) (26,284) (25,284) (24,284) (23,283) 
cluster10edge:(26,131) (26,132) (27,132) (28,132) (29,133) (30,133) (31,132) (32,131) (31,131) (30,131) (29,131) (28,130) (27,130) 
cluster11edge:(28,282) (29,282) 
cluster12edge:(37,18) (38,19) (37,20) (37,21) (37,22) (38,23) (39,24) (39,25) (40,24) (41,23) (42,23) (43,23) (44,23) (45,23) (45,22) (46,21) (45,20) (45,19) (44,18) (43,17) (42,17) (41,17) (40,17) (39,17) (38,18) 
cluster13edge:(45,31) (45,32) (46,32) (47,33) (48,34) (49,34) (50,34) (51,34) (52,34) (53,33) (54,34) (55,33) (56,32) (57,31) (58,30) (58,29) (59,28) (58,27) (59,26) (60,25) (59,24) (59,23) (58,22) (57,21) (56,20) (55,20) (54,20) (53,21) (52,22) (52,23) (51,24) (50,24) (50,25) (49,26) (48,26) (47,26) (46,27) (47,28) (46,29) (46,30) 
cluster14edge:(51,133) (52,134) (53,133) (52,133) 
cluster15edge:(56,88) (57,89) (57,90) (58,89) (59,89) (58,88) (59,87) (58,87) (57,88) 
cluster16edge:(58,154) (59,154) (60,154) (59,153) 
cluster17edge:(66,219) (66,220) (66,221) (66,222) (66,223) (67,224) (67,225) (68,224) (69,225) (70,225) (71,225) (72,225) (73,224) (74,224) (75,224) (76,223) (75,222) (74,221) (73,220) (72,220) (71,219) (70,219) (69,218) (68,219) (67,218) 
cluster18edge:(68,4) (69,5) (70,5) (71,5) (72,6) (73,7) (74,8) (74,9) (75,8) (76,9) (77,8) (78,8) (79,7) (80,6) (80,5) (80,4) (80,3) (80,2) (79,1) (78,0) (77,1) (76,0) (75,0) (74,0) (73,299) (72,0) (71,1) (70,1) (69,1) (69,2) (69,3) 
cluster19edge:(69,8) (70,8) 
cluster20edge:(70,11) (71,12) (72,12) (71,11) 
cluster21edge:(71,203) (71,204) (71,205) (72,206) (72,207) (73,208) (74,208) (75,208) (76,208) (77,208) (78,207) (78,206) (79,205) (78,204) (77,204) (76,204) (75,203) (74,203) (73,203) (72,203) 
cluster22edge:(72,122) (73,122) (74,123) (73,124) (73,125) (73,126) (74,127) (75,126) (76,127) (77,126) (76,125) (77,124) (76,123) (75,122) (74,121) (73,120) (73,121) 
cluster23edge:(76,193) (77,193) (78,193) (79,193) (80,193) (81,193) (82,193) (83,194) (82,195) (81,195) (80,196) (79,196) (78,196) (77,196) (76,197) (77,197) (78,197) (79,197) (80,198) (79,199) (80,200) (79,201) (80,201) (81,200) (82,199) (83,199) (84,198) (85,198) (86,197) (87,196) (88,195) (89,195) (90,195) (91,195) (92,195) (93,194) (93,193) (92,192) (91,191) (90,190) (89,190) (88,189) (87,189) (86,189) (85,189) (84,190) (83,190) (82,190) (81,191) (80,191) (79,192) (78,192) (77,192) 
cluster24edge:(77,229) (78,229) (79,228) (78,228) 
cluster25edge:(85,131) (86,132) (87,133) (86,134) (87,135) (88,136) (89,137) (90,137) (91,137) (92,137) (93,137) (94,137) (95,136) (96,136) (97,136) (98,136) (99,136) (100,136) (101,136) (102,135) (103,136) (104,135) (103,134) (102,133) (101,132) (100,131) (99,130) (98,130) (97,130) (96,129) (95,129) (94,129) (93,129) (92,128) (91,129) (90,129) (89,129) (88,128) (87,129) (86,130) 
cluster26edge:(93,88) (94,89) (93,90) (94,90) (95,91) (96,91) (97,91) (98,90) (99,89) (98,88) (97,88) (96,88) (95,88) (94,88) 
cluster27edge:(94,143) (95,144) (94,145) (95,146) (96,147) (97,148) (98,148) (99,149) (100,149) (101,150) (102,150) (103,150) (104,150) (105,150) (106,150) (107,150) (108,149) (109,149) (110,149) (111,148) (112,148) (113,148) (114,148) (115,147) (115,146) (115,145) (115,144) (115,143) (114,144) (113,143) (112,144) (111,143) (110,142) (109,141) (108,140) (107,139) (106,139) (105,139) (104,140) (105,141) (104,142) (103,142) (102,142) (101,142) (100,142) (99,142) (98,142) (97,142) (96,142) (95,142) 
cluster28edge:(104,102) (105,102) 
cluster29edge:(108,58) (108,59) (108,60) (108,61) (108,62) (109,63) (108,64) (109,65) (110,66) (111,65) (112,66) (113,65) (114,65) (115,64) (114,63) (113,63) (112,62) (113,61) (112,60) (111,60) (110,59) (111,58) (110,58) (109,57) 
cluster30edge:(114,48) (115,48) (116,49) (115,50) (116,51) (117,52) (117,53) (116,54) (115,54) (116,55) (117,56) (116,57) (117,58) (117,59) (116,60) (117,61) (118,61) (119,62) (118,63) (119,64) (120,63) (121,64) (122,63) (123,62) (124,63) (125,62) (126,62) (127,62) (128,62) (129,61) (128,60) (128,59) (127,58) (126,58) (125,57) (124,56) (123,55) (122,54) (122,53) (121,52) (120,51) (119,50) (118,49) (118,48) (117,49) (116,48) (115,47) 
cluster31edge:(116,107) (117,107) (118,107) (117,106) 
cluster32edge:(118,109) (118,110) (119,109) 
cluster33edge:(143,149) (144,150) (145,151) (144,152) (145,153) (146,154) (147,154) (148,154) (149,154) (150,154) (151,154) (152,153) (153,153) (154,152) (153,151) (152,150) (153,149) (152,149) (151,149) (150,149) (149,149) (148,148) (147,149) (146,148) (145,149) (144,149) 
cluster34edge:(145,123) (146,124) (147,123) (147,122) (146,121) (146,122) 
cluster35edge:(154,26) (155,27) (155,28) (155,29) (156,30) (157,30) (158,30) (159,30) (160,29) (161,29) (160,28) (161,27) (162,27) (161,26) (162,25) (163,25) (164,25) (165,24) (164,24) (163,23) (163,22) (162,21) (161,21) (160,21) (159,21) (158,21) (157,22) (156,23) (155,24) (155,25) 
cluster36edge:(158,140) (159,141) (160,142) (159,143) (160,144) (160,145) (161,146) (160,147) (160,148) (160,149) (161,149) (162,149) (163,149) (164,149) (165,150) (166,150) (167,150) (168,150) (169,150) (170,150) (171,150) (172,150) (173,150) (174,150) (175,151) (176,151) (177,151) (178,152) (179,152) (180,152) (181,152) (182,152) (183,152) (184,152) (185,152) (186,152) (187,152) (188,151) (189,151) (190,151) (191,151) (192,151) (193,151) (194,151) (195,151) (196,151) (196,150) (195,150) (194,149) (195,148) (196,148) (195,147) (194,146) (194,145) (193,145) (192,144) (191,143) (190,142) (189,141) (188,140) (187,139) (186,138) (185,137) (184,136) (183,135) (182,136) (181,135) (180,135) (179,135) (178,135) (177,135) (176,135) (175,135) (174,136) (173,135) (172,136) (171,135) (170,136) (169,136) (168,137) (167,137) (166,137) (165,138) (164,138) (163,139) (162,138) (161,139) (160,139) (159,139) 
cluster37edge:(159,178) (160,178) (161,179) (160,180) (159,181) (160,182) (161,183) (162,184) (163,183) (164,183) (165,183) (166,182) (165,181) (164,180) (164,179) (163,178) (163,177) (162,176) (161,177) (160,177) 
cluster38edge:(162,19) (163,19) 
cluster39edge:(162,156) (162,157) (163,158) (163,159) (164,160) (165,161) (166,162) (167,163) (168,163) (169,164) (169,165) (170,165) (171,166) (172,167) (173,168) (174,168) (175,169) (176,169) (177,170) (178,170) (179,170) (180,170) (181,171) (182,171) (183,172) (184,172) (185,172) (186,172) (187,172) (188,172) (189,172) (190,172) (191,171) (192,170) (193,170) (192,169) (193,168) (194,168) (194,167) (193,167) (192,167) (191,166) (192,165) (191,165) (190,164) (189,164) (188,164) (187,164) (186,164) (185,163) (186,162) (187,162) (188,161) (187,160) (188,159) (187,158) (186,158) (185,158) (184,158) (183,157) (182,157) (181,156) (180,156) (179,156) (178,156) (177,156) (176,156) (175,156) (174,156) (173,155) (172,155) (171,155) (170,155) (169,155) (168,155) (167,155) (166,155) (165,155) (164,155) (163,155) 
cluster40edge:(176,285) (177,286) (177,287) (178,286) (178,285) (177,285) 
cluster41edge:(178,101) (179,102) (180,103) (181,104) (182,104) (183,104) (184,104) (185,104) (186,104) (187,104) (188,103) (189,103) (190,103) (191,102) (192,102) (193,101) (194,101) (194,100) (195,99) (194,98) (193,97) (192,97) (191,96) (190,95) (189,94) (188,93) (187,93) (186,92) (185,91) (184,91) (183,91) (182,91) (181,92) (180,92) (179,93) (179,94) (179,95) (179,96) (180,96) (181,96) (182,96) (183,96) (184,97) (185,98) (186,98) (187,99) (188,99) (189,100) (189,101) (188,102) (187,102) (186,102) (185,101) (184,101) (183,101) (182,100) (181,100) (180,100) (179,100) 
cluster42edge:(179,98) (180,98) 
cluster43edge:(179,282) (179,283) (180,283) 
cluster44edge:(191,156) (192,156) 
cluster45edge:(214,283) (215,284) (214,285) (215,286) (216,287) (217,287) (218,288) (219,288) (220,288) (221,288) (222,288) (223,288) (224,288) (225,288) (226,287) (227,288) (227,287) (228,286) (227,286) (226,286) (225,285) (226,284) (227,284) (228,283) (229,283) (230,282) (229,282) (228,282) (227,282) (226,281) (227,280) (228,279) (227,279) (226,278) (227,277) (226,276) (226,275) (226,274) (226,273) (225,272) (226,271) (225,270) (224,269) (223,270) (222,269) (221,268) (220,269) (219,270) (218,271) (217,272) (218,273) (217,274) (216,275) (217,276) (216,277) (216,278) (216,279) (215,280) (216,281) (215,282) 
cluster46edge:(217,8) (217,9) 
cluster47edge:(218,7) (219,8) (219,9) (220,8) (219,7) 
cluster48edge:(219,112) (220,113) (219,114) (220,115) (221,116) (222,117) (223,116) (224,116) (225,115) (226,115) (225,114) (224,113) (223,112) (222,112) (221,112) (220,111) 
cluster49edge:(220,292) (221,293) (222,292) (223,292) (222,291) (221,291) 
cluster50edge:(222,294) (223,294) 
cluster51edge:(228,297) (229,298) (230,299) (231,299) (232,299) (233,299) (234,299) (235,299) (236,299) (237,0) (238,299) (239,299) (240,299) (241,299) (242,299) (243,298) (244,297) (245,296) (246,295) (245,294) (246,293) (245,292) (246,291) (245,290) (244,289) (243,288) (242,288) (241,289) (240,289) (239,289) (238,289) (237,288) (236,288) (235,288) (234,288) (233,288) (232,288) (233,289) (234,289) (235,290) (234,291) (233,291) (232,291) (231,291) (230,291) (229,291) (229,292) (230,292) (231,293) (230,294) (229,295) (229,296) 
cluster52edge:(230,39) (231,40) (231,41) (232,41) (233,42) (233,43) (234,43) (235,43) (236,43) (237,43) (238,43) (239,43) (240,43) (241,42) (242,43) (243,43) (244,44) (245,43) (246,44) (247,43) (246,42) (245,41) (245,40) (244,39) (243,38) (242,37) (241,38) (240,37) (239,37) (238,37) (237,37) (236,37) (235,37) (234,37) (233,37) (232,37) (231,38) 
cluster53edge:(231,242) (232,242) 
cluster54edge:(235,50) (236,51) (237,52) (238,53) (239,53) (240,54) (241,54) (242,54) (243,54) (244,54) (245,54) (246,54) (247,54) (248,54) (249,53) (250,53) (251,52) (252,52) (253,51) (253,50) (253,49) (252,48) (251,48) (250,48) (249,48) (248,48) (247,49) (246,49) (245,50) (244,49) (243,49) (242,49) (241,48) (240,48) (239,48) (238,49) (237,50) (236,49) 
cluster55edge:(235,231) (236,232) (236,233) (237,234) (238,233) (237,232) (238,231) (239,231) (240,231) (241,231) (242,231) (241,230) (242,229) (243,229) (242,228) (241,228) (240,228) (239,228) (238,228) (237,229) (236,229) (236,230) 
cluster56edge:(264,48) (265,48) 
cluster57edge:(266,45) (267,45) 
cluster58edge:(267,127) (267,128) (268,129) (268,130) (268,131) (269,132) (270,133) (271,134) (272,135) (273,136) (274,136) (275,136) (276,136) (277,137) (278,136) (278,135) (277,134) (277,133) (277,132) (278,131) (277,131) (276,130) (275,130) (274,130) (273,130) (272,129) (271,129) (270,129) (269,128) (268,128) 
cluster59edge:(270,125) (271,125) 
cluster60edge:(272,124) (273,125) (274,125) (275,125) (274,124) (273,123) 
cluster61edge:(283,173) (284,174) (284,175) (285,174) (286,175) (286,174) (286,173) (285,173) (284,173) 
cluster62edge:(286,292) (287,293) (288,294) (287,295) (288,295) (289,296) (290,297) (291,298) (292,298) (293,299) (294,298) (295,297) (296,297) (297,296) (297,295) (296,294) (296,293) (295,292) (294,292) (293,292) (292,292) (291,292) (290,291) (289,291) (288,291) (287,291) 
