cluster1edge:(0,32) (299,33) (298,34) (298,35) (299,36) (299,35) (0,34) (1,35) (1,36) (1,37) (1,38) (2,39) (3,39) (4,40) (5,40) (6,40) (7,40) (8,40) (9,41) (10,41) (11,41) (11,40) (11,39) (11,38) (11,37) (11,36) (10,35) (9,34) (8,33) (7,32) (6,32) (5,32) (4,32) (3,31) (2,32) (1,31) 
cluster2edge:(0,124) (299,125) (298,126) (297,125) (297,126) (296,127) (296,128) (295,129) (294,130) (295,131) (294,132) (295,133) (294,134) (295,135) (296,135) (297,136) (298,135) (299,136) (0,137) (1,136) (0,135) (1,134) (2,133) (3,133) (4,133) (5,132) (4,131) (5,130) (6,130) (7,130) (8,130) (9,130) (10,130) (11,129) (12,129) (13,128) (14,128) (15,128) (16,127) (17,127) (16,126) (15,125) (14,126) (13,125) (12,125) (11,125) (10,124) (9,125) (8,124) (7,124) (6,124) (5,124) (4,124) (3,124) (2,124) (1,124) 
cluster3edge:(1,190) (1,191) (2,192) (1,193) (2,194) (3,195) (4,196) (5,196) (6,197) (7,198) (8,198) (9,198) (10,198) (9,197) (10,196) (11,196) (12,196) (13,196) (14,196) (15,196) (16,196) (17,196) (18,196) (19,195) (20,195) (21,195) (22,195) (23,195) (24,195) (25,196) (26,196) (27,196) (26,195) (26,194) (27,193) (28,193) (27,192) (26,192) (25,191) (26,190) (27,190) (28,189) (29,189) (30,189) (29,188) (28,188) (27,187) (28,186) (29,186) (28,185) (27,185) (26,184) (25,184) (24,183) (25,182) (26,181) (27,181) (28,181) (29,182) (28,183) (29,183) (30,184) (31,184) (32,183) (33,183) (34,183) (33,182) (34,181) (35,181) (36,181) (37,181) (38,181) (39,180) (40,180) (40,179) (40,178) (39,178) (38,178) (37,177) (36,177) (35,176) (34,177) (33,176) (32,177) (31,176) (30,176) (29,176) (28,177) (27,176) (26,177) (25,176) (24,177) (23,176) (22,176) (21,176) (20,176) (19,175) (18,176) (17,175) (16,175) (15,176) (14,177) (13,177) (12,178) (12,179) (11,180) (11,181) (11,182) (10,183) (11,184) (10,185) (9,186) (8,185) (7,186) (6,187) (5,188) (4,189) (3,188) (2,189) 
cluster4edge:(1,276) (2,277) (2,278) (2,279) (3,280) (4,280) (5,281) (6,282) (7,282) (8,282) (9,282) (10,282) (9,281) (9,280) (8,280) (7,279) (6,279) (5,278) (6,277) (5,276) (4,275) (3,275) (2,275) 
cluster5edge:(2,271) (2,272) (3,273) (4,272) (5,272) (6,272) (5,271) (6,270) (5,270) (4,271) (3,270) 
cluster6edge:(11,13) (12,14) (11,15) (12,16) (12,17) (13,18) (14,17) (14,16) (15,15) (16,15) (15,14) (15,13) (16,12) (15,12) (14,12) (13,12) (12,12) 
cluster7edge:(11,134) (12,134) 
cluster8edge:(11,277) (12,278) (12,279) (11,280) (12,280) (13,279) (13,278) (13,277) (14,276) (13,275) (12,275) (12,276) 
cluster9edge:(13,199) (14,200) (13,201) (14,202) (15,203) (16,203) (17,203) (18,204) (19,204) (20,205) (21,205) (22,205) (23,206) (24,205) (25,205) (26,205) (27,204) (28,203) (29,202) (28,201) (27,201) (26,200) (27,199) (26,199) (25,199) (24,199) (23,199) (22,199) (21,199) (20,199) (19,199) (18,199) (17,199) (16,199) (15,199) (14,199) 
cluster10edge:(15,18) (16,19) (17,19) (17,18) (16,18) 
cluster11edge:(20,5) (21,6) (20,7) (21,8) (21,9) (22,9) (23,10) (22,11) (21,11) (20,12) (21,12) (22,13) (22,14) (21,15) (22,15) (23,15) (24,16) (24,17) (24,18) (24,19) (25,19) (26,20) (25,21) (26,22) (27,23) (28,24) (29,24) (30,24) (31,24) (32,23) (33,23) (34,23) (35,23) (36,23) (37,23) (38,23) (39,23) (38,22) (39,21) (40,21) (40,20) (41,19) (40,18) (41,17) (42,16) (41,15) (40,14) (39,14) (38,13) (37,12) (36,12) (35,11) (34,10) (33,10) (32,9) (31,9) (30,8) (29,7) (28,6) (27,7) (26,6) (25,6) (24,6) (23,5) (22,6) (21,5) 
cluster12edge:(35,96) (36,97) (36,98) (36,99) (37,100) (38,101) (39,102) (40,103) (41,104) (42,105) (41,106) (42,106) (43,106) (44,105) (45,105) (46,104) (47,104) (48,103) (49,103) (48,102) (47,102) (46,102) (45,101) (44,101) (43,100) (44,99) (45,99) (46,99) (47,99) (48,99) (49,99) (50,99) (49,98) (48,98) (47,97) (46,97) (45,97) (44,96) (43,95) (43,94) (44,93) (45,92) (46,91) (47,92) (48,91) (49,91) (50,91) (51,90) (52,90) (53,90) (54,90) (53,89) (52,89) (51,89) (50,88) (49,88) (48,88) (47,87) (46,86) (45,86) (44,85) (43,84) (44,83) (43,83) (42,83) (41,83) (40,83) (39,82) (40,81) (39,81) (38,81) (37,82) (36,83) (36,84) (36,85) (37,86) (36,87) (36,88) (36,89) (36,90) (36,91) (37,92) (36,93) (37,94) (36,95) 
cluster13edge:(39,28) (39,29) (40,30) (41,30) (42,31) (43,32) (44,32) (45,33) (46,33) (47,33) (48,33) (49,33) (50,33) (51,32) (52,32) (53,31) (54,31) (54,30) (55,29) (55,28) (55,27) (54,26) (54,25) (53,24) (53,23) (52,22) (51,22) (50,22) (49,21) (48,22) (47,21) (46,22) (45,22) (44,23) (45,23) (46,23) (47,24) (46,25) (45,25) (44,25) (43,25) (42,25) (41,26) (40,26) (40,27) 
cluster14edge:(39,72) (40,73) (40,74) (41,75) (41,76) (42,77) (43,77) (44,77) (45,77) (46,77) (47,78) (47,79) (46,80) (47,80) (48,81) (49,82) (50,83) (51,83) (52,83) (53,83) (54,83) (55,82) (56,81) (57,80) (58,81) (58,80) (57,79) (57,78) (56,77) (55,76) (54,75) (53,75) (52,74) (51,73) (50,73) (49,73) (48,73) (47,73) (46,72) (45,73) (44,72) (43,72) (42,72) (41,72) (40,72) 
cluster15edge:(43,171) (44,172) (43,173) (44,174) (44,175) (45,176) (46,177) (47,177) (48,177) (49,177) (50,178) (51,179) (52,178) (51,177) (52,176) (53,176) (54,176) (55,176) (56,175) (56,174) (56,173) (56,172) (56,171) (55,171) (54,170) (53,169) (52,169) (51,168) (50,167) (49,168) (48,167) (47,168) (46,167) (45,168) (45,169) (44,170) 
cluster16edge:(44,109) (45,109) 
cluster17edge:(56,298) (57,299) (58,299) (59,0) (60,0) (61,299) (62,299) (63,299) (64,299) (64,298) (63,297) (63,296) (64,295) (64,294) (63,294) (62,294) (61,293) (61,292) (60,293) (59,294) (58,293) (58,294) (58,295) (57,296) (57,297) 
cluster18edge:(60,80) (60,81) 
cluster19edge:(60,91) (61,91) (61,90) 
cluster20edge:(62,291) (63,292) (64,291) (63,291) 
cluster21edge:(64,6) (65,7) (66,8) (66,9) (66,10) (67,11) (67,12) (68,13) (69,14) (69,15) (70,16) (71,17) (72,18) (73,19) (73,20) (73,21) (74,22) (74,23) (75,24) (75,25) (76,26) (75,27) (76,28) (75,29) (76,30) (76,31) (77,32) (76,33) (77,34) (77,35) (78,36) (79,37) (78,38) (79,39) (80,39) (81,40) (82,41) (83,41) (84,41) (85,41) (86,41) (87,41) (88,41) (89,41) (90,40) (89,40) (88,39) (87,39) (86,39) (85,39) (84,38) (85,37) (86,37) (87,37) (88,37) (89,37) (90,36) (91,36) (91,35) (90,34) (91,33) (90,33) (89,33) (88,33) (87,32) (88,31) (89,31) (90,31) (91,31) (92,31) (91,30) (90,30) (89,30) (88,30) (87,29) (88,28) (89,28) (90,28) (91,27) (92,27) (93,27) (94,26) (93,25) (94,24) (93,23) (93,22) (94,21) (95,21) (96,21) (97,21) (96,20) (95,19) (94,18) (93,17) (93,16) (93,15) (92,14) (93,13) (94,13) (93,12) (92,12) (91,11) (90,10) (89,10) (88,10) (87,10) (86,9) (87,8) (86,7) (86,6) (85,6) (84,6) (83,6) (82,5) (81,4) (80,4) (79,3) (78,2) (77,2) (76,2) (75,1) (74,2) (73,1) (72,2) (71,1) (71,0) (71,299) (70,299) (69,299) (68,299) (69,0) (70,1) (70,2) (69,3) (68,3) (67,3) (66,3) (65,4) (65,5) 
cluster22edge:(68,69) (68,70) (68,71) (68,72) (69,73) (69,74) (70,75) (71,76) (72,76) (73,76) (74,76) (75,75) (76,75) (77,75) (78,74) (77,73) (78,72) (79,72) (80,72) (81,72) (82,72) (83,71) (82,71) (81,71) (80,70) (81,69) (80,69) (79,68) (78,68) (77,67) (78,66) (79,66) (78,65) (77,66) (76,65) (75,66) (74,65) (73,66) (72,65) (71,66) (70,65) (70,66) (69,67) (69,68) 
cluster23edge:(69,184) (70,184) 
cluster24edge:(70,214) (70,215) 
cluster25edge:(77,198) (78,198) 
cluster26edge:(77,221) (77,222) (78,223) (77,224) (78,224) (79,225) (80,224) (81,223) (80,222) (79,221) (78,222) 
cluster27edge:(78,81) (79,81) 
cluster28edge:(79,206) (79,207) (80,208) (79,209) (80,210) (80,211) (81,212) (80,213) (81,214) (82,215) (82,214) (81,213) (82,212) (81,211) (82,210) (83,210) (84,209) (83,209) (82,208) (82,207) (83,206) (84,206) (85,205) (84,205) (83,204) (83,203) (82,202) (81,203) (80,202) (80,203) (80,204) (80,205) 
cluster29edge:(82,288) (83,289) (82,290) (83,291) (84,292) (85,292) (86,292) (87,292) (88,293) (89,294) (90,294) (91,294) (92,293) (93,292) (92,291) (91,290) (90,290) (89,289) (88,289) (87,288) (87,287) (86,287) (85,286) (84,287) (83,287) 
cluster30edge:(84,74) (85,74) 
cluster31edge:(85,197) (86,198) (86,197) 
cluster32edge:(96,8) (97,8) (98,8) (99,9) (98,10) (97,10) (98,11) (97,12) (98,13) (99,14) (100,15) (100,16) (100,17) (101,18) (102,19) (101,20) (102,20) (103,20) (104,21) (105,21) (106,22) (106,23) (106,24) (105,25) (106,25) (107,26) (108,25) (109,24) (110,24) (111,24) (112,24) (113,24) (114,24) (115,23) (116,23) (117,23) (118,22) (119,22) (120,22) (121,22) (122,21) (121,21) (120,21) (119,21) (118,20) (119,19) (120,19) (121,19) (122,19) (123,19) (122,18) (121,17) (120,16) (120,15) (120,14) (119,14) (118,13) (117,12) (116,11) (115,10) (114,9) (113,10) (112,9) (111,9) (110,9) (109,9) (108,8) (107,8) (106,8) (105,7) (104,7) (103,7) (102,8) (101,7) (100,7) (99,7) (98,7) (97,7) 
cluster33edge:(97,230) (98,230) 
cluster34edge:(98,128) (98,129) (99,128) (100,128) (101,128) (102,128) (103,128) (104,128) (105,128) (106,128) (105,127) (104,126) (103,126) (102,126) (101,126) (100,126) (99,127) 
cluster35edge:(106,136) (107,136) 
cluster36edge:(121,27) (121,28) (122,29) (123,30) (124,31) (124,32) (125,33) (126,32) (127,31) (128,30) (129,30) (128,29) (129,28) (128,28) (127,27) (128,26) (129,26) (130,26) (131,26) (132,25) (131,24) (130,23) (130,24) (129,25) (128,25) (127,25) (126,25) (125,25) (124,25) (124,26) (123,27) (122,27) 
cluster37edge:(123,0) (123,1) (124,2) (125,3) (126,4) (127,5) (128,6) (129,7) (128,8) (128,9) (128,10) (129,11) (128,12) (129,13) (129,14) (130,15) (131,16) (132,16) (133,17) (134,17) (135,17) (136,17) (137,16) (138,16) (139,15) (140,14) (141,14) (142,14) (142,13) (143,12) (143,11) (142,11) (141,11) (140,11) (139,10) (140,9) (140,8) (141,7) (140,7) (139,6) (138,6) (137,6) (136,6) (135,6) (134,5) (135,4) (134,4) (133,4) (132,4) (131,3) (130,2) (129,1) (128,0) (127,0) (126,299) (125,0) (124,299) 
cluster38edge:(124,194) (125,195) (126,196) (125,197) (126,197) (127,198) (128,199) (129,198) (129,197) (128,197) (127,196) (128,195) (129,195) (130,194) (131,194) (130,193) (129,194) (128,194) (127,193) (126,193) (125,193) 
cluster39edge:(132,223) (133,224) (132,225) (133,226) (134,225) (135,225) (136,225) (137,224) (136,223) (137,222) (136,221) (135,221) (134,221) (133,222) 
cluster40edge:(133,50) (133,51) (134,52) (133,53) (134,54) (135,55) (136,56) (137,56) (138,56) (139,56) (140,56) (141,56) (142,55) (143,55) (144,54) (145,53) (145,52) (145,51) (144,51) (143,50) (143,49) (142,48) (141,48) (140,48) (139,47) (138,47) (139,48) (138,49) (137,49) (136,49) (135,49) (134,49) 
cluster41edge:(135,94) (135,95) (136,96) (137,97) (138,98) (139,97) (140,98) (141,97) (142,96) (141,95) (140,94) (139,94) (138,94) (137,94) (136,94) 
cluster42edge:(146,25) (147,26) (146,27) (147,28) (146,29) (147,30) (148,31) (149,32) (150,33) (151,33) (152,33) (153,33) (154,33) (155,34) (154,35) (153,35) (153,36) (154,36) (155,37) (156,37) (157,37) (156,36) (157,35) (158,35) (159,35) (160,35) (160,34) (161,33) (162,32) (162,31) (161,30) (162,29) (163,28) (162,28) (161,27) (160,26) (159,26) (158,25) (157,24) (156,23) (155,22) (155,21) (154,22) (153,21) (152,22) (151,21) (150,22) (149,21) (149,20) (148,21) (147,21) (148,22) (148,23) (147,24) 
cluster43edge:(150,62) (150,63) 
cluster44edge:(151,64) (151,65) (151,66) (151,67) (152,68) (152,69) (152,70) (153,71) (154,72) (155,72) (156,72) (157,72) (158,72) (157,71) (156,71) (155,70) (156,69) (157,69) (156,68) (155,68) (154,67) (155,66) (154,65) (153,64) (152,65) 
cluster45edge:(155,127) (155,128) (155,129) (156,130) (156,129) (156,128) (156,127) 
cluster46edge:(157,1) (158,2) (157,3) (158,4) (159,4) (160,5) (161,5) (161,4) (162,3) (163,3) (164,3) (165,2) (166,1) (165,0) (164,299) (163,299) (162,299) (161,0) (160,299) (159,0) (158,0) 
cluster47edge:(157,60) (158,61) (158,62) (159,63) (159,64) (158,65) (159,65) (160,65) (161,66) (162,66) (163,66) (164,67) (163,68) (162,69) (163,69) (164,69) (165,69) (166,69) (167,69) (168,69) (169,69) (170,69) (171,69) (172,69) (173,69) (174,69) (175,69) (176,69) (177,68) (178,68) (179,67) (178,66) (179,65) (180,65) (181,65) (182,65) (183,65) (184,65) (185,65) (186,65) (187,65) (188,64) (189,63) (188,62) (187,62) (186,61) (187,60) (188,60) (189,60) (190,60) (190,59) (189,59) (188,58) (189,57) (190,57) (190,56) (191,55) (192,54) (191,54) (190,54) (189,53) (190,52) (191,52) (192,51) (191,51) (190,50) (191,49) (192,49) (191,48) (191,47) (192,46) (191,45) (190,45) (189,45) (188,44) (189,43) (190,43) (191,43) (192,43) (193,42) (192,42) (191,42) (190,42) (189,41) (190,40) (189,40) (188,40) (187,39) (188,38) (189,37) (188,36) (187,35) (186,36) (185,35) (184,36) (183,35) (183,36) (182,37) (181,38) (180,37) (179,38) (178,37) (177,38) (176,37) (175,36) (174,36) (173,35) (172,34) (172,33) (171,33) (170,32) (169,32) (168,33) (167,34) (167,35) (168,35) (169,36) (168,37) (167,37) (166,37) (165,37) (165,38) (166,38) (167,39) (166,40) (165,40) (166,41) (165,42) (164,42) (165,43) (165,44) (166,44) (167,45) (166,46) (165,46) (166,47) (167,48) (166,49) (165,50) (164,51) (163,52) (162,53) (161,53) (160,53) (159,54) (160,55) (159,56) (158,57) (159,58) (158,59) 
cluster48edge:(158,130) (159,130) 
cluster49edge:(160,214) (161,215) (162,214) (161,214) 
cluster50edge:(160,261) (161,262) (162,263) (163,264) (162,265) (163,266) (163,267) (164,268) (165,269) (166,270) (167,269) (166,268) (166,267) (167,266) (166,265) (167,264) (166,263) (167,262) (167,261) (166,261) (165,260) (164,259) (164,258) (163,257) (162,257) (161,258) (162,259) (161,260) 
cluster51edge:(162,134) (163,135) (164,136) (163,137) (164,138) (165,139) (166,139) (167,139) (168,139) (169,139) (169,138) (169,137) (168,136) (167,135) (166,134) (165,133) (164,134) (163,133) 
cluster52edge:(165,11) (166,12) (167,13) (168,14) (169,14) (170,15) (171,16) (172,15) (173,15) (174,15) (174,14) (173,13) (172,12) (171,12) (170,11) (169,11) (168,10) (167,9) (166,10) 
cluster53edge:(165,242) (166,243) (167,242) (166,241) 
cluster54edge:(166,3) (167,3) 
cluster55edge:(166,173) (166,174) (166,175) (167,175) (168,176) (167,177) (167,178) (168,179) (167,180) (168,180) (169,181) (170,181) (171,181) (172,180) (173,181) (174,180) (174,179) (173,178) (174,177) (173,176) (173,175) (172,174) (171,174) (170,173) (169,172) (168,173) (167,174) 
cluster56edge:(168,77) (169,78) (169,79) (169,80) (170,80) (171,81) (172,81) (173,82) (174,82) (175,83) (176,83) (177,84) (178,84) (179,84) (180,85) (181,85) (182,85) (183,85) (184,86) (185,85) (186,85) (187,85) (188,85) (189,85) (190,85) (191,84) (192,84) (193,84) (194,83) (195,84) (196,83) (197,82) (198,82) (199,82) (200,81) (201,81) (202,81) (203,80) (204,79) (203,79) (202,78) (202,77) (201,77) (200,77) (199,77) (198,76) (199,75) (198,74) (197,74) (196,74) (195,74) (194,74) (193,73) (194,72) (195,72) (194,71) (194,70) (193,70) (192,69) (191,69) (190,69) (190,70) (189,71) (188,71) (187,71) (186,71) (185,71) (184,72) (183,72) (182,72) (181,72) (180,72) (180,73) (179,74) (178,74) (177,74) (176,74) (175,74) (174,74) (173,74) (172,75) (171,75) (170,75) (169,76) 
cluster57edge:(168,142) (169,142) 
cluster58edge:(169,102) (169,103) (169,104) (169,105) (169,106) (169,107) (169,108) (169,109) (170,110) (169,111) (170,112) (171,113) (172,113) (173,114) (173,115) (174,116) (175,116) (176,117) (177,117) (178,118) (179,118) (180,118) (181,119) (182,119) (183,119) (184,119) (185,119) (186,118) (187,117) (187,116) (187,115) (187,114) (186,113) (185,112) (184,112) (183,112) (182,112) (181,111) (182,110) (181,110) (180,110) (179,110) (178,110) (177,109) (178,108) (177,108) (176,107) (177,106) (178,106) (179,106) (180,107) (179,108) (180,108) (181,108) (182,108) (183,108) (184,108) (185,107) (186,107) (187,106) (186,105) (186,104) (186,103) (185,102) (185,101) (184,100) (183,99) (182,99) (181,98) (180,98) (179,98) (178,98) (177,98) (176,98) (175,98) (174,98) (173,99) (172,99) (171,100) (170,101) 
cluster59edge:(180,219) (181,220) (180,221) (181,222) (182,223) (183,222) (184,222) (185,222) (186,222) (187,222) (186,221) (185,220) (184,219) (183,218) (182,219) (181,218) 
cluster60edge:(182,230) (183,231) (184,232) (185,231) (186,232) (187,231) (188,232) (189,231) (190,232) (191,231) (190,230) (191,229) (190,228) (189,227) (188,227) (187,227) (188,228) (187,229) (186,230) (185,230) (184,230) (183,230) 
cluster61edge:(193,199) (193,200) (193,201) (193,202) (193,203) (193,204) (193,205) (193,206) (194,207) (194,208) (194,209) (195,210) (196,210) (197,211) (198,210) (199,210) (200,210) (201,210) (201,209) (200,209) (199,209) (198,208) (199,207) (200,207) (201,207) (202,207) (201,206) (202,205) (202,204) (201,203) (202,202) (202,201) (203,200) (204,200) (205,200) (205,199) (204,198) (205,197) (206,197) (207,197) (207,196) (208,195) (208,194) (209,193) (208,193) (207,192) (208,191) (208,190) (207,191) (206,190) (205,191) (204,190) (203,191) (202,190) (201,191) (200,192) (199,192) (198,193) (197,194) (196,193) (196,194) (195,195) (194,196) (194,197) (194,198) 
cluster62edge:(195,65) (196,65) 
cluster63edge:(203,211) (204,211) 
cluster64edge:(209,185) (209,186) (209,187) (209,188) (209,189) (210,188) (211,189) (211,188) (211,187) (212,186) (211,185) (210,186) 
cluster65edge:(221,278) (221,279) (222,280) (222,281) (223,282) (224,282) (225,283) (226,284) (227,285) (228,284) (229,284) (228,283) (227,283) (226,282) (226,281) (227,280) (226,279) (226,278) (227,277) (226,277) (225,277) (224,277) (223,276) (222,277) 
cluster66edge:(225,129) (226,130) (227,131) (227,132) (228,133) (229,134) (230,135) (231,135) (232,136) (232,137) (233,136) (234,136) (235,135) (235,134) (236,133) (235,133) (234,132) (234,131) (234,130) (233,130) (232,129) (232,128) (231,128) (230,127) (229,127) (228,127) (227,127) (226,128) 
cluster67edge:(251,222) (251,223) (252,224) (253,225) (254,224) (255,224) (254,223) (255,222) (254,221) (253,222) (252,222) 
cluster68edge:(252,159) (253,160) (252,161) (253,162) (253,163) (253,164) (254,165) (255,165) (256,165) (257,164) (258,164) (259,164) (260,164) (261,164) (262,164) (263,164) (264,164) (265,164) (266,164) (267,164) (267,163) (267,162) (266,161) (266,160) (265,160) (264,159) (263,158) (262,157) (261,157) (260,156) (259,156) (258,156) (257,155) (256,156) (255,155) (254,156) (253,157) (253,158) 
cluster69edge:(259,166) (260,166) 
cluster70edge:(263,171) (264,172) (264,173) (265,173) (266,174) (267,173) (268,174) (269,174) (270,173) (271,172) (272,172) (273,171) (272,170) (271,169) (271,168) (270,169) (269,168) (268,167) (267,167) (268,168) (267,169) (266,169) (265,170) (264,170) 
cluster71edge:(263,244) (264,245) (263,246) (264,247) (263,248) (263,249) (264,250) (263,251) (264,252) (264,253) (265,254) (266,255) (267,256) (268,255) (269,254) (270,255) (271,254) (272,255) (273,254) (273,253) (274,252) (275,252) (276,251) (277,251) (276,250) (275,249) (276,248) (277,248) (278,248) (279,248) (280,248) (281,247) (281,246) (281,245) (281,244) (280,243) (279,242) (278,241) (279,240) (278,240) (277,239) (276,239) (275,239) (274,239) (273,239) (272,239) (271,239) (270,239) (269,239) (268,239) (267,240) (266,240) (265,241) (265,242) (264,243) 
cluster72edge:(275,181) (276,182) (275,183) (276,184) (275,185) (276,186) (277,187) (278,188) (279,188) (280,189) (281,189) (282,189) (283,189) (284,188) (283,188) (282,187) (282,186) (282,185) (283,184) (284,183) (283,183) (282,183) (281,182) (281,181) (282,180) (281,180) (280,179) (279,180) (278,179) (277,180) (276,180) 
cluster73edge:(284,27) (284,28) (285,28) (286,28) (287,28) (288,29) (287,30) (286,30) (285,30) (286,31) (285,32) (286,32) (287,32) (288,32) (289,33) (290,34) (291,33) (292,33) (291,32) (292,31) (291,30) (291,29) (290,28) (289,27) (288,26) (287,25) (286,24) (285,24) (285,25) (286,26) (285,27) 
cluster74edge:(285,218) (285,219) (285,220) (286,220) (287,219) (286,219) 
cluster75edge:(287,184) (288,184) (289,185) (290,185) (291,185) (292,186) (292,187) (291,188) (290,189) (291,189) (292,188) (293,188) (294,188) (295,188) (296,187) (297,188) (298,187) (297,186) (296,185) (295,184) (294,184) (293,183) (292,182) (291,182) (290,181) (289,181) (288,180) (288,181) (288,182) (288,183) 
