cluster1edge:(0,135) (299,134) (298,134) (297,133) (297,132) (297,131) (296,131) (295,131) (294,131) (293,130) (292,131) (291,130) (291,129) (290,130) (289,131) (290,132) (289,133) (289,134) (289,135) (288,136) (289,137) (288,138) (289,139) (289,140) (290,141) (291,142) (292,143) (293,143) (294,143) (295,144) (295,143) (295,142) (296,141) (297,142) (297,143) (298,143) (299,142) (0,143) (1,144) (1,145) (2,146) (3,146) (4,147) (5,148) (6,148) (7,148) (8,149) (8,150) (9,150) (10,150) (11,151) (10,152) (11,153) (12,152) (13,153) (14,154) (15,153) (16,152) (17,153) (18,152) (19,151) (19,150) (20,149) (21,148) (20,147) (21,146) (20,145) (21,144) (20,143) (20,142) (20,141) (19,140) (18,139) (17,138) (16,137) (15,137) (14,136) (13,136) (12,136) (11,135) (10,136) (9,135) (8,135) (7,136) (6,136) (5,136) (4,135) (4,134) (3,135) (2,134) (1,134) 
cluster2edge:(0,204) (299,204) (298,203) (297,203) (296,203) (295,202) (294,203) (293,204) (292,204) (291,204) (292,205) (291,206) (290,206) (291,207) (290,208) (290,209) (289,210) (288,211) (289,212) (288,213) (287,213) (286,213) (285,214) (286,214) (287,214) (288,215) (287,216) (286,216) (285,217) (286,218) (287,219) (288,219) (289,220) (290,221) (291,220) (292,221) (293,220) (294,221) (295,221) (296,221) (297,221) (298,222) (299,221) (0,221) (1,221) (2,221) (3,220) (4,219) (5,218) (5,217) (6,216) (6,215) (6,214) (5,213) (6,212) (5,211) (4,210) (4,209) (3,208) (3,207) (2,206) (1,205) 
cluster3edge:(18,244) (19,244) 
cluster4edge:(19,132) (20,133) (19,134) (20,135) (21,134) (22,135) (23,135) (24,135) (25,134) (26,133) (25,132) (24,131) (23,131) (22,131) (21,131) (20,131) 
cluster5edge:(19,230) (20,231) (19,232) (20,233) (20,234) (21,235) (22,236) (23,236) (24,236) (25,235) (26,235) (27,234) (28,234) (29,234) (30,233) (31,233) (30,232) (31,231) (32,231) (31,230) (31,229) (30,228) (29,228) (28,227) (27,228) (26,227) (25,227) (24,227) (23,227) (22,227) (21,227) (20,228) (20,229) 
cluster6edge:(28,239) (29,239) 
cluster7edge:(34,133) (34,134) (35,135) (35,134) 
cluster8edge:(35,69) (36,70) (37,70) (38,70) (39,70) (40,71) (39,72) (38,72) (37,72) (38,73) (39,74) (40,74) (41,74) (42,74) (43,74) (44,74) (45,75) (45,76) (46,76) (47,76) (48,76) (47,75) (48,74) (48,73) (49,72) (50,71) (49,71) (48,71) (47,70) (47,69) (46,69) (45,69) (44,68) (43,67) (42,66) (41,67) (40,66) (39,66) (38,66) (37,66) (36,66) (36,67) (36,68) 
cluster9edge:(38,221) (38,222) (39,223) (39,224) (40,225) (41,226) (42,226) (43,227) (44,227) (43,226) (44,225) (44,224) (44,223) (43,222) (44,221) (43,220) (42,219) (41,220) (40,219) (39,220) 
cluster10edge:(48,78) (49,78) 
cluster11edge:(50,105) (51,106) (52,107) (53,108) (54,108) (55,109) (56,110) (57,111) (58,110) (59,110) (60,110) (59,109) (60,108) (61,107) (60,107) (59,107) (58,106) (59,105) (58,104) (57,104) (56,105) (55,105) (54,105) (53,104) (54,103) (54,102) (53,102) (52,102) (51,103) (51,104) 
cluster12edge:(56,209) (57,209) 
cluster13edge:(58,208) (59,209) (60,208) (61,209) (62,208) (63,207) (64,207) (65,207) (66,207) (67,207) (68,207) (69,208) (69,209) (68,210) (67,211) (66,212) (66,213) (66,214) (66,215) (67,216) (68,216) (69,217) (68,218) (67,219) (68,220) (68,221) (68,222) (68,223) (69,223) (70,224) (71,223) (72,223) (73,223) (74,224) (75,224) (76,224) (77,224) (78,224) (79,224) (80,225) (81,225) (82,225) (83,224) (84,225) (85,224) (86,224) (87,223) (87,222) (88,221) (87,220) (87,219) (86,218) (87,217) (86,216) (85,215) (85,214) (84,213) (83,212) (82,211) (81,210) (81,209) (80,209) (79,208) (78,207) (77,206) (77,205) (77,204) (77,203) (76,202) (76,201) (75,200) (74,201) (73,200) (72,201) (71,200) (70,201) (70,202) (71,203) (70,204) (69,204) (68,204) (67,205) (66,206) (65,206) (64,206) (63,205) (64,204) (63,204) (62,204) (61,204) (60,205) (60,206) (60,207) (59,208) 
cluster14edge:(59,238) (60,238) 
cluster15edge:(61,100) (62,101) (63,102) (63,101) (63,100) (62,100) 
cluster16edge:(67,153) (67,154) (67,155) (67,156) (68,157) (67,158) (68,159) (68,160) (69,161) (70,162) (71,163) (72,162) (72,161) (73,160) (74,160) (73,159) (72,158) (73,157) (74,157) (75,156) (74,155) (73,154) (74,153) (73,152) (73,151) (73,150) (72,149) (72,148) (71,147) (70,148) (69,149) (68,149) (69,150) (68,151) (68,152) 
cluster17edge:(74,119) (75,119) (76,119) (76,118) (75,118) 
cluster18edge:(81,119) (82,120) (83,121) (84,122) (85,121) (86,122) (87,122) (88,122) (89,122) (90,122) (91,123) (92,122) (93,123) (94,122) (95,123) (96,123) (97,122) (96,121) (95,120) (95,119) (94,120) (93,119) (92,120) (91,119) (90,119) (89,119) (88,119) (87,118) (86,118) (85,118) (84,118) (83,118) (82,118) 
cluster19edge:(81,159) (81,160) 
cluster20edge:(83,157) (84,158) (83,159) (83,160) (84,161) (85,162) (86,163) (87,162) (88,161) (89,160) (88,159) (88,158) (87,157) (86,156) (85,156) (84,157) 
cluster21edge:(89,177) (89,178) (90,178) (91,179) (92,179) (93,180) (94,179) (95,178) (96,179) (97,178) (96,177) (95,176) (94,175) (93,175) (92,175) (91,175) (90,176) 
cluster22edge:(93,57) (94,58) (94,59) (94,60) (94,61) (95,62) (95,63) (96,64) (97,65) (98,66) (99,65) (100,66) (101,65) (102,65) (103,65) (102,64) (103,63) (102,62) (102,61) (103,60) (104,60) (103,59) (104,58) (105,57) (104,57) (103,57) (102,57) (101,56) (102,55) (103,55) (104,54) (105,54) (104,53) (103,52) (104,51) (103,50) (104,49) (105,49) (106,49) (105,48) (104,47) (103,46) (102,47) (101,46) (100,47) (99,47) (98,47) (97,48) (96,49) (96,50) (95,51) (94,52) (95,53) (94,54) (94,55) (94,56) 
cluster23edge:(102,238) (102,239) 
cluster24edge:(103,240) (104,240) 
cluster25edge:(111,229) (112,229) 
cluster26edge:(111,233) (112,234) (113,234) (112,233) (112,232) 
cluster27edge:(131,288) (132,289) (133,290) (132,291) (133,291) (134,292) (134,293) (135,294) (135,295) (135,296) (136,297) (136,298) (137,299) (138,0) (139,1) (140,2) (141,3) (142,3) (143,4) (144,4) (145,4) (146,5) (147,4) (148,5) (149,5) (150,5) (151,5) (152,6) (153,6) (154,6) (153,5) (154,4) (155,4) (156,3) (155,3) (154,3) (153,3) (152,3) (151,2) (152,1) (153,1) (154,1) (155,1) (156,1) (155,0) (154,0) (153,0) (152,0) (151,299) (152,298) (151,298) (150,298) (149,298) (148,298) (147,298) (146,297) (147,296) (148,296) (149,296) (150,296) (151,296) (152,296) (151,295) (150,295) (149,295) (148,295) (147,295) (146,295) (145,295) (144,294) (145,293) (144,293) (143,293) (142,293) (141,292) (142,291) (143,291) (142,290) (141,290) (140,290) (139,289) (138,289) (137,289) (136,289) (135,288) (134,288) (133,288) (132,288) 
cluster28edge:(142,283) (143,284) (144,284) (145,284) (146,285) (145,286) (146,286) (147,286) (148,286) (149,286) (150,286) (151,287) (151,288) (152,288) (153,289) (154,290) (155,290) (156,291) (157,292) (156,293) (157,293) (158,293) (159,293) (160,294) (161,294) (162,295) (163,296) (164,296) (165,297) (166,297) (167,297) (168,298) (167,299) (166,0) (167,0) (168,299) (169,298) (170,297) (171,297) (172,297) (173,296) (173,295) (173,294) (172,294) (171,294) (170,293) (171,292) (172,292) (173,291) (172,291) (171,291) (170,291) (169,290) (170,289) (171,289) (172,289) (172,288) (171,288) (170,287) (171,286) (170,286) (169,285) (169,284) (170,283) (169,283) (168,283) (167,283) (166,283) (165,283) (164,282) (163,283) (162,283) (161,283) (160,284) (159,285) (158,284) (157,283) (156,284) (155,283) (154,282) (153,281) (152,282) (151,282) (150,281) (149,282) (148,282) (147,281) (146,281) (145,282) (144,283) (143,282) 
cluster29edge:(154,172) (154,173) (154,174) (154,175) (154,176) (154,177) (155,178) (155,179) (155,180) (156,181) (156,182) (157,183) (158,184) (158,185) (159,186) (160,185) (161,186) (162,185) (162,184) (163,183) (163,182) (163,181) (164,180) (163,179) (163,178) (164,177) (165,176) (164,175) (163,175) (162,175) (161,174) (160,174) (159,173) (158,173) (157,172) (156,172) (155,172) 
cluster30edge:(163,298) (164,298) 
cluster31edge:(168,176) (168,177) (169,177) (170,178) (170,179) (169,180) (170,181) (170,182) (170,183) (169,184) (169,185) (170,185) (171,186) (170,187) (169,187) (169,188) (170,189) (171,189) (172,190) (173,190) (174,190) (175,191) (176,191) (177,191) (178,190) (179,190) (180,190) (180,189) (181,188) (182,187) (182,186) (182,185) (182,184) (181,183) (181,182) (180,181) (180,180) (179,179) (178,178) (177,177) (176,176) (175,175) (174,174) (173,174) (172,173) (171,174) (170,174) (171,175) (170,176) (169,176) 
cluster32edge:(170,132) (171,132) 
cluster33edge:(175,296) (176,296) 
cluster34edge:(195,106) (195,107) (195,108) (195,109) (195,110) (195,111) (196,112) (196,113) (196,114) (197,115) (197,116) (198,117) (198,118) (199,119) (200,119) (201,120) (202,120) (203,120) (204,121) (205,120) (206,120) (207,120) (207,119) (208,118) (208,117) (209,116) (208,116) (207,115) (207,114) (206,115) (205,115) (204,115) (203,114) (202,113) (203,112) (202,111) (203,110) (204,110) (205,110) (206,111) (207,112) (208,112) (209,112) (208,111) (209,110) (208,109) (208,108) (207,107) (206,106) (205,105) (204,105) (203,105) (202,105) (201,104) (200,104) (199,104) (198,104) (197,105) (196,105) 
cluster35edge:(202,79) (202,80) (203,81) (203,82) (203,83) (204,84) (204,85) (205,86) (206,87) (207,88) (208,89) (208,90) (209,89) (210,90) (210,89) (211,88) (210,87) (211,86) (210,86) (209,85) (210,84) (211,84) (212,84) (213,84) (214,84) (215,83) (214,82) (213,83) (212,83) (211,83) (210,82) (209,82) (208,82) (207,81) (206,80) (206,79) (205,80) (204,79) (203,80) 
cluster36edge:(212,177) (213,178) (214,179) (215,180) (216,180) (217,179) (216,178) (215,177) (215,176) (214,177) (213,176) 
cluster37edge:(213,197) (214,197) 
cluster38edge:(219,88) (219,89) (220,89) (220,88) 
cluster39edge:(223,180) (224,181) (223,182) (224,183) (225,184) (226,184) (227,184) (228,183) (229,182) (228,181) (228,180) (229,179) (228,178) (227,177) (226,177) (225,178) (224,178) (224,179) 
cluster40edge:(226,195) (227,196) (227,197) (228,196) (229,196) (230,196) (231,197) (232,197) (233,197) (234,198) (233,199) (234,199) (235,199) (236,199) (237,199) (238,198) (237,198) (236,198) (235,197) (236,196) (237,195) (238,195) (238,194) (237,193) (238,192) (239,192) (238,191) (238,190) (238,189) (237,188) (236,187) (235,188) (234,188) (233,188) (232,189) (231,189) (230,190) (229,190) (228,191) (227,192) (227,193) (227,194) 
cluster41edge:(227,201) (227,202) (227,203) (228,204) (227,205) (228,206) (229,207) (230,207) (231,206) (232,207) (232,208) (233,209) (234,210) (234,211) (235,212) (236,213) (237,214) (238,215) (239,216) (240,217) (241,218) (242,219) (243,219) (244,220) (245,221) (246,220) (247,221) (248,220) (249,221) (250,220) (251,219) (251,218) (252,217) (251,216) (250,216) (249,216) (248,216) (247,215) (248,214) (249,214) (249,213) (248,212) (247,211) (247,210) (246,209) (245,209) (244,209) (243,209) (242,208) (242,207) (242,206) (241,206) (240,206) (239,205) (240,204) (239,204) (238,204) (237,204) (236,204) (235,204) (234,205) (233,205) (232,204) (231,203) (232,202) (233,202) (234,202) (235,202) (234,201) (233,201) (232,201) (231,202) (230,202) (229,202) (228,201) 
cluster42edge:(242,198) (243,198) 
cluster43edge:(243,195) (243,196) (244,195) 
cluster44edge:(245,291) (245,292) (245,293) (246,294) (247,295) (248,294) (249,295) (250,296) (251,296) (252,296) (253,296) (254,297) (255,296) (255,295) (254,295) (253,294) (254,293) (255,293) (256,292) (255,291) (254,290) (253,289) (253,288) (252,287) (251,288) (250,287) (249,287) (248,287) (247,288) (247,289) (246,290) 
cluster45edge:(246,197) (247,198) (247,197) (247,196) 
cluster46edge:(249,203) (250,204) (251,204) (252,205) (251,206) (252,207) (252,208) (253,209) (254,210) (254,211) (255,212) (256,212) (257,213) (257,212) (257,211) (258,210) (258,209) (258,208) (259,207) (258,206) (257,205) (257,204) (256,204) (255,203) (254,202) (253,202) (252,202) (251,203) (250,202) 
cluster47edge:(251,105) (252,106) (251,107) (252,108) (253,109) (253,110) (253,111) (254,112) (255,113) (255,114) (255,115) (256,116) (257,117) (258,118) (259,118) (260,118) (261,118) (262,117) (263,116) (264,116) (263,115) (262,114) (262,113) (262,112) (261,112) (260,112) (259,112) (258,111) (259,110) (258,109) (258,108) (259,107) (258,107) (257,106) (258,105) (257,105) (256,104) (255,104) (254,104) (253,103) (252,104) 
cluster48edge:(262,102) (263,102) 
cluster49edge:(264,291) (264,292) (265,292) 
cluster50edge:(269,296) (270,297) (271,297) (272,296) (271,295) (270,295) 
cluster51edge:(271,203) (271,204) (271,205) (271,206) (271,207) (272,208) (271,209) (272,210) (273,211) (272,212) (273,213) (274,214) (273,215) (272,216) (273,217) (274,217) (275,218) (276,217) (277,216) (278,215) (279,214) (280,214) (281,213) (280,213) (279,212) (280,211) (281,211) (282,211) (283,211) (282,210) (283,209) (283,208) (284,207) (285,206) (286,206) (285,205) (286,204) (287,204) (287,203) (286,202) (287,201) (287,200) (288,199) (287,199) (286,198) (286,197) (286,196) (285,195) (284,194) (283,194) (282,194) (281,194) (280,194) (279,194) (278,194) (277,195) (276,195) (275,196) (274,197) (273,198) (273,199) (272,200) (272,201) (272,202) 
cluster52edge:(271,242) (272,243) (271,244) (272,245) (272,246) (273,247) (274,248) (275,247) (276,248) (276,247) (277,246) (278,246) (279,246) (280,246) (281,246) (281,245) (281,244) (282,243) (281,242) (282,241) (282,240) (281,241) (280,240) (279,239) (278,238) (277,239) (276,238) (275,239) (274,240) (273,241) (272,241) 
cluster53edge:(271,299) (272,299) 
cluster54edge:(274,35) (274,36) (275,37) (276,37) (277,36) (278,36) (277,35) (276,35) (275,36) 
cluster55edge:(278,248) (279,248) 
cluster56edge:(279,42) (280,43) (281,43) (282,44) (282,43) (281,42) (280,42) 
cluster57edge:(283,216) (284,216) 
cluster58edge:(285,259) (285,260) (286,260) (287,259) (288,259) (287,258) (286,258) 
cluster59edge:(289,7) (289,8) (290,9) (290,8) (290,7) (290,6) 
cluster60edge:(289,76) (289,77) (290,77) 
cluster61edge:(291,76) (292,76) 
cluster62edge:(293,80) (294,80) 
