cluster1edge:(0,79) (0,80) 
cluster2edge:(0,216) (299,217) (298,218) (298,219) (298,220) (298,221) (298,222) (299,223) (299,224) (299,225) (0,226) (1,227) (2,228) (3,227) (4,228) (5,227) (6,226) (7,227) (8,226) (7,225) (8,224) (9,224) (10,224) (11,225) (12,225) (13,226) (13,227) (13,228) (13,229) (14,230) (15,231) (16,232) (17,233) (18,233) (19,234) (20,234) (21,234) (22,235) (23,234) (24,235) (25,235) (26,235) (27,234) (28,235) (29,234) (28,233) (27,233) (26,233) (25,233) (24,233) (23,232) (24,231) (23,230) (22,230) (21,230) (20,230) (19,230) (18,230) (17,230) (16,230) (15,229) (16,228) (17,228) (18,228) (19,228) (20,228) (21,228) (22,228) (23,228) (24,228) (25,228) (26,228) (27,228) (27,227) (26,227) (25,227) (24,227) (23,227) (22,227) (21,227) (20,227) (19,227) (18,226) (19,225) (18,225) (17,224) (16,223) (15,223) (14,224) (13,224) (12,224) (11,223) (12,222) (13,222) (14,222) (13,221) (14,220) (13,219) (13,218) (12,218) (11,218) (10,218) (9,217) (8,216) (9,215) (8,214) (7,215) (6,214) (5,215) (4,216) (3,215) (2,216) (1,216) 
cluster3edge:(5,258) (6,259) (5,260) (6,261) (7,262) (6,263) (7,264) (7,265) (8,266) (7,267) (7,268) (8,268) (9,268) (10,267) (11,267) (12,267) (13,266) (13,265) (12,265) (11,265) (10,265) (9,264) (10,263) (11,263) (12,263) (13,262) (14,262) (13,261) (14,260) (15,260) (15,259) (15,258) (14,258) (13,257) (14,256) (15,256) (14,255) (13,254) (12,255) (11,254) (10,255) (9,254) (8,255) (7,256) (6,257) 
cluster4edge:(17,167) (17,168) (18,167) (18,166) 
cluster5edge:(17,219) (18,220) (19,220) (20,221) (21,221) (22,221) (23,221) (24,222) (25,222) (26,223) (27,224) (26,225) (27,225) (28,224) (29,224) (30,223) (29,222) (28,221) (28,220) (27,219) (26,218) (25,217) (24,217) (23,216) (22,215) (21,216) (20,217) (19,217) (18,218) 
cluster6edge:(19,215) (20,215) 
cluster7edge:(22,13) (23,13) 
cluster8edge:(24,175) (24,176) (25,176) (26,176) (27,177) (28,176) (27,175) (26,175) (25,174) 
cluster9edge:(33,105) (34,106) (34,107) (35,108) (36,109) (37,110) (38,111) (39,111) (40,111) (41,111) (42,111) (43,110) (44,110) (45,110) (44,109) (44,108) (45,107) (46,107) (47,106) (48,106) (49,105) (50,104) (51,104) (51,103) (50,102) (50,101) (49,102) (48,101) (47,100) (46,101) (45,100) (44,100) (43,100) (42,100) (41,100) (40,100) (39,100) (38,101) (37,100) (36,101) (35,102) (34,103) (34,104) 
cluster10edge:(34,56) (35,57) (36,58) (37,57) (38,57) (39,57) (40,56) (41,55) (42,55) (43,54) (42,53) (42,52) (41,53) (40,52) (39,53) (38,52) (37,53) (36,54) (35,55) 
cluster11edge:(38,61) (39,61) (39,60) 
cluster12edge:(41,113) (41,114) (41,115) (41,116) (42,116) (43,116) (42,115) (42,114) (42,113) 
cluster13edge:(43,60) (44,61) (44,60) 
cluster14edge:(46,114) (47,114) 
cluster15edge:(46,116) (47,116) 
cluster16edge:(50,56) (51,56) 
cluster17edge:(51,110) (52,110) 
cluster18edge:(54,78) (55,79) (55,80) (56,81) (57,80) (57,79) (58,78) (57,77) (56,78) (55,77) 
cluster19edge:(54,118) (54,119) (55,120) (56,121) (57,120) (58,121) (59,122) (60,121) (59,121) (58,120) (58,119) (59,118) (58,118) (57,118) (56,118) (55,118) 
cluster20edge:(55,142) (56,143) (55,144) (56,145) (57,146) (58,145) (59,146) (60,147) (61,148) (60,149) (61,150) (62,151) (61,152) (62,153) (63,154) (64,155) (65,156) (66,156) (67,156) (68,156) (68,155) (69,154) (70,154) (70,153) (71,152) (70,151) (69,151) (68,150) (69,149) (70,149) (71,149) (72,149) (73,148) (74,148) (73,147) (72,146) (71,146) (70,146) (69,145) (68,145) (67,145) (66,144) (65,144) (64,144) (63,143) (63,142) (62,143) (61,144) (60,143) (59,142) (58,141) (57,142) (56,141) 
cluster21edge:(61,75) (62,75) (63,75) (62,74) 
cluster22edge:(67,98) (68,98) 
cluster23edge:(72,90) (72,91) (73,92) (74,92) (75,92) (76,92) (77,93) (78,94) (79,94) (80,94) (81,94) (81,93) (82,92) (82,91) (82,90) (81,89) (80,88) (79,87) (78,88) (77,88) (76,88) (75,88) (75,89) (74,90) (73,91) 
cluster24edge:(77,147) (78,147) 
cluster25edge:(82,80) (83,81) (84,82) (85,83) (86,82) (87,81) (86,80) (86,79) (86,78) (85,78) (84,79) (83,79) 
cluster26edge:(83,242) (84,243) (85,244) (85,245) (86,246) (87,245) (88,246) (89,245) (90,246) (91,245) (91,244) (91,243) (91,242) (90,241) (89,242) (88,242) (87,242) (86,242) (85,242) (84,242) 
cluster27edge:(84,287) (85,288) (85,289) (86,289) (87,290) (88,290) (89,290) (90,290) (91,290) (92,290) (93,289) (92,288) (93,287) (92,286) (92,285) (91,286) (90,286) (89,286) (88,285) (89,284) (90,284) (91,284) (90,283) (89,283) (88,283) (87,283) (86,284) (85,285) (85,286) 
cluster28edge:(85,182) (85,183) (85,184) (86,184) (87,185) (88,186) (88,185) (89,184) (88,184) (87,183) (88,182) (89,181) (90,181) (89,180) (88,180) (87,181) (86,181) 
cluster29edge:(97,76) (98,77) (97,78) (98,78) (99,79) (100,79) (101,80) (102,79) (103,78) (104,77) (105,76) (104,75) (103,74) (104,73) (103,72) (102,73) (101,72) (100,72) (99,73) (98,74) (98,75) 
cluster30edge:(98,56) (98,57) (98,58) (99,59) (100,60) (101,60) (100,59) (101,58) (101,57) (100,57) (99,57) 
cluster31edge:(107,28) (108,29) (109,30) (108,31) (109,31) (110,32) (111,31) (112,32) (113,31) (114,32) (115,31) (114,30) (114,29) (114,28) (113,27) (112,26) (111,25) (110,26) (109,25) (109,26) (108,27) 
cluster32edge:(107,60) (107,61) (108,62) (109,61) (108,61) 
cluster33edge:(119,232) (119,233) (120,234) (119,235) (119,236) (120,237) (119,238) (120,239) (120,240) (121,241) (122,242) (123,242) (124,242) (125,242) (126,242) (127,242) (128,243) (129,243) (130,243) (131,243) (131,242) (131,241) (132,240) (133,239) (134,240) (135,239) (134,238) (133,237) (133,236) (132,236) (131,236) (130,237) (129,236) (128,236) (127,236) (126,235) (125,235) (124,234) (123,233) (122,232) (122,231) (121,232) (120,231) 
cluster34edge:(120,188) (120,189) (121,189) (122,189) (123,189) (124,189) (125,190) (124,191) (123,191) (123,192) (124,192) (125,192) (126,192) (127,193) (128,192) (127,191) (126,190) (125,189) (124,188) (123,187) (122,188) (121,187) 
cluster35edge:(122,32) (122,33) 
cluster36edge:(128,197) (129,198) (130,199) (131,200) (132,201) (133,202) (134,201) (135,200) (134,199) (133,198) (132,197) (132,196) (131,196) (130,196) (129,196) 
cluster37edge:(129,292) (130,292) 
cluster38edge:(136,195) (136,196) (136,197) (137,198) (138,198) (139,198) (140,198) (140,197) (139,196) (139,195) (138,194) (137,194) 
cluster39edge:(143,168) (144,169) (143,170) (144,171) (144,172) (144,173) (145,172) (146,173) (147,174) (148,175) (149,174) (150,173) (149,173) (148,172) (149,171) (150,171) (151,171) (150,170) (150,169) (149,169) (148,169) (147,168) (146,168) (145,168) (144,168) 
cluster40edge:(145,65) (146,66) (145,67) (146,68) (145,69) (146,69) (147,70) (148,69) (149,70) (150,71) (151,70) (152,71) (153,70) (154,69) (153,69) (152,69) (151,69) (150,69) (149,68) (150,67) (150,66) (149,66) (148,65) (147,65) (146,65) 
cluster41edge:(152,60) (153,60) 
cluster42edge:(166,251) (167,252) (167,251) (167,250) 
cluster43edge:(174,213) (175,213) 
cluster44edge:(179,120) (179,121) (179,122) (179,123) (179,124) (180,125) (180,126) (180,127) (180,128) (181,129) (181,130) (182,130) (183,131) (184,131) (185,131) (186,131) (187,131) (188,131) (189,131) (189,130) (188,130) (187,129) (186,129) (185,128) (186,127) (187,127) (187,126) (188,125) (189,125) (190,125) (191,125) (192,125) (193,125) (194,125) (195,125) (196,125) (197,126) (196,127) (195,127) (194,127) (195,128) (196,128) (197,128) (198,129) (199,129) (200,128) (201,128) (202,128) (203,128) (204,127) (204,126) (204,125) (204,124) (203,123) (202,122) (201,122) (200,121) (199,120) (198,120) (197,119) (196,118) (196,117) (195,117) (194,116) (193,115) (192,116) (191,116) (190,116) (189,117) (188,117) (187,117) (186,117) (185,116) (184,117) (183,117) (182,117) (181,118) (180,119) 
cluster45edge:(179,165) (180,165) 
cluster46edge:(181,164) (182,164) 
cluster47edge:(181,171) (182,172) (183,173) (184,173) (185,172) (186,171) (186,170) (185,169) (184,168) (183,169) (182,170) 
cluster48edge:(183,200) (184,201) (185,201) (186,201) (187,201) (188,200) (187,199) (186,200) (185,199) (184,199) 
cluster49edge:(193,150) (194,150) 
cluster50edge:(195,133) (196,133) 
cluster51edge:(198,149) (198,150) (199,150) 
cluster52edge:(202,152) (203,153) (204,154) (205,153) (206,154) (207,153) (206,152) (205,151) (204,152) (203,151) 
cluster53edge:(206,85) (207,85) (208,85) (209,85) (208,84) (207,84) 
cluster54edge:(207,12) (208,12) 
cluster55edge:(207,91) (208,92) (209,92) (210,93) (211,92) (210,91) (210,90) (209,91) (208,90) 
cluster56edge:(209,13) (210,13) (211,13) (210,12) 
cluster57edge:(220,97) (220,98) (221,99) (222,100) (222,101) (223,102) (224,102) (225,103) (226,103) (227,103) (227,102) (228,101) (229,100) (228,99) (227,98) (226,98) (225,97) (226,96) (227,96) (228,96) (229,95) (228,95) (227,94) (226,95) (225,94) (224,95) (223,94) (222,95) (221,96) 
cluster58edge:(243,12) (244,13) (243,14) (244,14) (245,15) (245,16) (246,17) (247,17) (248,17) (249,16) (249,15) (249,14) (250,13) (249,13) (248,12) (248,11) (248,10) (247,9) (246,10) (245,10) (245,11) (244,12) 
cluster59edge:(248,296) (249,297) (250,298) (251,298) (252,298) (253,298) (253,297) (253,296) (252,295) (251,296) (250,296) (249,296) 
cluster60edge:(255,226) (255,227) 
cluster61edge:(262,138) (262,139) (262,140) (262,141) (262,142) (263,143) (264,144) (265,143) (266,144) (267,144) (268,143) (269,143) (270,142) (271,143) (272,142) (272,141) (273,140) (272,140) (271,139) (272,138) (273,138) (274,137) (273,136) (272,135) (271,135) (270,134) (269,135) (268,135) (267,135) (266,135) (265,135) (264,136) (263,137) 
cluster62edge:(266,68) (267,69) (268,70) (269,70) (270,71) (271,70) (270,69) (269,68) (268,68) (267,67) 
cluster63edge:(270,82) (271,83) (270,84) (271,84) (272,85) (273,84) (274,85) (275,84) (274,83) (275,82) (274,81) (273,81) (272,82) (271,82) 
cluster64edge:(272,147) (272,148) (273,149) (274,148) (273,147) 
cluster65edge:(275,72) (275,73) (276,73) (277,73) (278,73) (279,73) (278,72) (278,71) (277,72) (276,71) 
cluster66edge:(275,258) (275,259) (276,260) (277,261) (278,262) (279,261) (280,260) (279,260) (278,259) (279,258) (278,257) (277,258) (276,257) 
cluster67edge:(278,86) (279,86) 
cluster68edge:(278,88) (279,88) 
cluster69edge:(295,222) (296,223) (296,222) (296,221) 
