cluster1edge:(1,170) (2,171) (2,172) (3,171) (4,172) (5,171) (6,171) (7,170) (8,170) (9,170) (10,170) (11,170) (11,169) (11,168) (11,167) (10,166) (11,165) (12,165) (11,164) (10,165) (9,164) (8,163) (7,164) (6,165) (5,166) (4,166) (3,167) (2,168) (2,169) 
cluster2edge:(2,56) (3,56) 
cluster3edge:(12,145) (12,146) (13,145) 
cluster4edge:(19,149) (20,149) 
cluster5edge:(19,191) (19,192) (20,193) (21,192) (22,193) (22,194) (23,195) (24,196) (25,197) (26,198) (27,198) (28,198) (27,197) (28,196) (27,195) (28,194) (28,193) (27,193) (26,192) (27,191) (26,190) (25,190) (24,189) (23,189) (22,190) (21,191) (20,190) 
cluster6edge:(27,133) (28,133) (29,133) (30,134) (31,133) (32,134) (32,135) (33,135) (34,134) (35,133) (34,132) (33,131) (33,130) (32,131) (31,131) (30,131) (29,130) (29,131) (28,132) 
cluster7edge:(32,196) (33,196) 
cluster8edge:(37,290) (38,291) (37,292) (38,293) (39,294) (40,295) (41,295) (42,296) (43,296) (44,297) (45,298) (46,299) (47,0) (48,1) (49,2) (50,2) (51,3) (52,3) (53,3) (54,2) (53,1) (53,0) (53,299) (54,298) (53,298) (52,297) (51,296) (52,295) (53,294) (52,294) (51,294) (50,293) (51,292) (50,291) (51,290) (52,290) (51,289) (50,290) (49,290) (48,289) (47,289) (46,288) (45,288) (44,289) (43,288) (42,289) (41,288) (40,288) (39,288) (38,289) 
cluster9edge:(42,52) (43,52) 
cluster10edge:(45,48) (46,48) 
cluster11edge:(51,274) (51,275) (51,276) (51,277) (52,278) (52,279) (52,280) (53,280) (54,281) (55,280) (54,279) (55,278) (56,278) (57,278) (57,277) (58,276) (58,275) (58,274) (59,273) (59,272) (58,271) (57,270) (56,270) (55,270) (54,271) (53,271) (52,272) (52,273) 
cluster12edge:(53,187) (54,188) (55,187) (54,187) 
cluster13edge:(58,214) (58,215) (58,216) (59,217) (59,218) (60,218) (61,217) (62,217) (62,216) (61,216) (60,216) (59,215) (60,214) (61,214) (62,214) (63,214) (63,213) (62,212) (61,212) (60,212) (59,213) 
cluster14edge:(58,231) (59,232) (58,233) (59,234) (59,235) (60,236) (61,237) (62,238) (63,239) (64,239) (65,239) (66,238) (66,237) (67,236) (68,236) (69,235) (68,235) (67,234) (68,233) (69,233) (70,233) (71,233) (72,233) (73,233) (74,234) (75,233) (76,232) (75,231) (76,230) (75,229) (75,228) (75,227) (74,226) (73,225) (73,224) (72,225) (71,226) (70,227) (70,228) (70,229) (71,229) (72,230) (71,231) (70,231) (69,231) (68,231) (67,231) (66,231) (65,231) (64,231) (63,231) (62,230) (61,229) (60,230) (59,231) 
cluster15edge:(62,151) (63,152) (62,153) (62,154) (62,155) (63,156) (63,157) (63,158) (64,159) (65,159) (66,159) (67,159) (68,159) (69,158) (70,158) (71,158) (72,157) (73,157) (74,157) (75,157) (75,156) (74,156) (73,156) (72,156) (71,155) (72,154) (73,154) (74,154) (74,153) (74,152) (73,151) (72,150) (72,149) (71,148) (70,149) (69,148) (68,148) (67,148) (66,147) (65,148) (64,148) (63,148) (64,149) (63,150) 
cluster16edge:(71,40) (71,41) (71,42) (71,43) (71,44) (71,45) (71,46) (72,47) (72,48) (73,49) (74,50) (75,49) (76,49) (77,48) (78,48) (79,48) (80,49) (81,49) (82,49) (83,49) (83,48) (84,47) (83,46) (84,45) (83,45) (82,45) (81,45) (80,44) (81,43) (80,42) (81,41) (82,41) (83,41) (84,41) (83,40) (84,39) (83,38) (84,37) (85,37) (85,36) (84,36) (83,36) (82,35) (83,34) (84,34) (85,34) (86,34) (86,33) (85,33) (84,33) (83,32) (82,31) (81,32) (80,32) (79,33) (78,33) (77,34) (76,34) (75,34) (74,35) (73,36) (73,37) (72,38) (72,39) 
cluster17edge:(72,164) (72,165) (73,166) (72,167) (73,168) (74,169) (75,168) (76,169) (77,168) (76,167) (77,166) (78,166) (78,165) (78,164) (77,164) (76,164) (75,164) (74,163) (73,164) 
cluster18edge:(75,192) (75,193) (76,193) 
cluster19edge:(79,196) (80,197) (80,198) (81,198) (82,199) (81,200) (82,200) (83,200) (84,200) (85,200) (86,199) (86,198) (87,197) (86,196) (87,195) (86,194) (86,193) (85,192) (84,192) (83,192) (82,192) (81,192) (80,192) (81,193) (82,194) (81,195) (80,196) 
cluster20edge:(82,165) (83,166) (84,166) (85,166) (86,167) (85,168) (84,168) (85,169) (86,169) (87,169) (88,170) (89,170) (89,169) (89,168) (90,167) (89,166) (89,165) (90,164) (89,163) (88,163) (87,162) (86,162) (85,162) (84,162) (83,162) (84,163) (83,164) 
cluster21edge:(87,46) (88,47) (89,47) (90,47) (91,47) (92,47) (93,46) (94,47) (95,46) (95,45) (96,44) (96,43) (97,42) (96,41) (96,40) (95,39) (95,38) (94,37) (93,36) (92,35) (91,36) (90,36) (89,36) (90,37) (90,38) (91,39) (90,40) (89,41) (90,42) (89,43) (90,44) (89,45) (88,45) 
cluster22edge:(88,34) (89,34) 
cluster23edge:(88,176) (88,177) (88,178) (88,179) (89,180) (90,180) (91,180) (92,180) (93,180) (94,180) (95,180) (96,180) (97,181) (98,181) (98,180) (98,179) (98,178) (98,177) (98,176) (98,175) (97,174) (96,173) (96,172) (95,173) (94,172) (93,172) (92,172) (91,173) (90,172) (90,173) (89,174) (89,175) 
cluster24edge:(88,185) (89,186) (89,187) (90,188) (91,187) (92,188) (93,187) (94,186) (93,185) (92,184) (91,183) (90,184) (89,185) 
cluster25edge:(112,257) (112,258) 
cluster26edge:(117,211) (117,212) (117,213) (118,214) (118,215) (119,216) (120,216) (121,217) (122,216) (123,216) (124,216) (125,216) (126,216) (127,216) (128,216) (129,216) (129,215) (130,214) (131,214) (131,213) (132,212) (133,212) (134,211) (134,210) (133,209) (132,208) (131,208) (130,208) (129,208) (128,208) (127,207) (126,207) (125,207) (124,207) (123,207) (122,207) (121,207) (120,208) (119,209) (118,209) (118,210) 
cluster27edge:(118,239) (118,240) (119,241) (120,240) (121,240) (120,239) (119,239) 
cluster28edge:(121,135) (122,136) (123,136) (124,136) (125,136) (124,135) (123,135) (122,135) 
cluster29edge:(123,138) (124,138) 
cluster30edge:(123,218) (124,218) 
cluster31edge:(126,268) (127,268) (128,269) (127,270) (126,271) (127,271) (128,271) (129,272) (128,273) (127,273) (128,274) (127,275) (128,276) (129,276) (130,277) (131,277) (132,278) (133,279) (132,280) (133,280) (134,280) (135,280) (136,280) (137,280) (138,280) (139,279) (140,279) (141,278) (142,278) (143,277) (143,276) (142,275) (141,274) (140,273) (140,272) (139,272) (138,271) (137,270) (136,270) (135,269) (134,269) (133,269) (132,268) (131,267) (130,268) (129,267) (128,267) (127,267) 
cluster32edge:(128,56) (128,57) (128,58) (128,59) (129,60) (129,61) (130,62) (131,63) (132,64) (133,64) (134,65) (135,65) (136,64) (137,64) (138,64) (139,64) (140,64) (141,64) (142,64) (143,64) (144,64) (145,64) (146,64) (145,63) (146,62) (147,62) (148,62) (149,62) (150,62) (151,62) (152,62) (153,62) (154,62) (153,61) (152,61) (151,60) (152,59) (153,59) (154,58) (153,58) (152,57) (151,57) (150,57) (149,57) (148,57) (147,56) (148,55) (149,55) (150,55) (149,54) (149,53) (148,52) (147,51) (146,50) (146,49) (145,50) (144,51) (143,50) (142,51) (141,51) (140,52) (139,52) (138,52) (137,52) (136,52) (135,53) (134,52) (133,53) (132,53) (131,53) (130,54) (129,55) 
cluster33edge:(128,286) (129,287) (128,288) (129,289) (129,290) (130,291) (131,292) (132,293) (133,292) (134,293) (135,294) (136,293) (137,294) (138,293) (139,294) (140,295) (141,294) (142,295) (143,295) (144,295) (145,295) (146,295) (147,294) (148,295) (149,294) (150,295) (151,294) (152,293) (151,292) (151,291) (152,290) (152,289) (152,288) (152,287) (152,286) (151,286) (150,285) (149,285) (148,285) (147,285) (146,285) (145,285) (144,285) (143,285) (142,285) (141,285) (140,285) (139,285) (138,285) (137,284) (136,284) (135,284) (134,284) (133,284) (132,283) (133,282) (132,282) (131,282) (130,282) (129,283) (129,284) (129,285) 
cluster34edge:(131,28) (132,28) (132,27) 
cluster35edge:(131,146) (132,147) (132,146) 
cluster36edge:(135,188) (136,189) (136,190) (136,191) (137,191) (138,191) (139,191) (140,192) (141,192) (142,192) (143,192) (144,192) (145,192) (146,193) (146,194) (147,194) (148,195) (149,195) (150,196) (151,195) (150,194) (151,193) (150,192) (149,191) (148,190) (147,190) (146,189) (145,188) (144,188) (143,187) (142,187) (141,186) (140,185) (139,186) (138,186) (137,187) (136,187) 
cluster37edge:(137,72) (138,72) 
cluster38edge:(138,143) (139,143) 
cluster39edge:(138,194) (139,194) 
cluster40edge:(141,70) (142,70) 
cluster41edge:(144,70) (145,71) (146,71) (147,72) (148,72) (149,72) (150,72) (151,71) (152,70) (153,70) (153,69) (152,69) (151,68) (150,67) (149,67) (148,67) (149,68) (148,69) (147,69) (146,70) (145,70) 
cluster42edge:(148,106) (148,107) (149,108) (149,109) (150,110) (151,111) (152,111) (153,110) (154,110) (154,109) (155,108) (156,108) (157,107) (158,107) (157,106) (157,105) (158,104) (157,103) (156,104) (155,103) (154,103) (153,102) (152,102) (151,103) (150,104) (149,105) 
cluster43edge:(155,68) (156,68) 
cluster44edge:(156,66) (157,66) 
cluster45edge:(165,22) (166,22) (167,22) (166,21) 
cluster46edge:(166,118) (167,119) (166,120) (167,121) (168,122) (169,123) (170,123) (171,124) (172,123) (173,124) (174,123) (175,123) (176,123) (177,123) (178,124) (179,123) (180,123) (181,123) (182,123) (183,123) (184,123) (185,123) (186,124) (186,125) (187,124) (187,123) (188,122) (187,121) (186,120) (186,119) (185,119) (184,119) (183,118) (182,119) (181,119) (182,120) (181,121) (180,121) (179,121) (178,121) (177,121) (176,121) (175,120) (176,119) (175,118) (176,117) (177,117) (176,116) (175,116) (174,115) (173,114) (172,115) (171,114) (170,115) (169,116) (168,116) (167,117) 
cluster47edge:(167,258) (168,259) (167,260) (168,261) (168,262) (168,263) (169,263) (170,264) (169,265) (170,265) (171,265) (172,265) (173,265) (174,264) (174,263) (175,262) (174,261) (173,260) (173,259) (172,258) (172,257) (171,258) (170,257) (169,256) (168,257) 
cluster48edge:(169,155) (169,156) (169,157) (169,158) (169,159) (170,160) (170,161) (171,162) (172,162) (173,162) (174,163) (175,162) (176,163) (177,163) (178,164) (179,163) (180,164) (181,163) (182,164) (183,163) (182,163) (181,162) (180,161) (181,160) (182,160) (182,159) (183,158) (184,158) (185,157) (184,156) (183,155) (184,154) (185,154) (185,153) (184,152) (183,151) (184,150) (185,150) (184,149) (183,148) (182,147) (182,146) (181,146) (180,146) (179,146) (178,146) (177,147) (176,147) (175,148) (174,149) (173,150) (172,151) (171,150) (171,151) (170,152) (170,153) (170,154) 
cluster49edge:(188,257) (188,258) 
cluster50edge:(189,153) (189,154) (190,155) (191,156) (190,157) (191,158) (192,159) (192,160) (193,161) (192,162) (191,162) (191,163) (192,164) (193,164) (194,165) (194,166) (195,167) (194,168) (193,168) (193,169) (194,169) (195,169) (196,169) (197,168) (198,169) (199,168) (200,168) (201,168) (202,168) (203,168) (204,167) (205,168) (206,167) (207,168) (208,167) (207,166) (206,165) (205,164) (205,163) (204,162) (203,161) (202,160) (201,159) (200,158) (199,157) (198,156) (197,156) (196,155) (195,154) (194,153) (193,152) (192,153) (191,152) (190,153) 
cluster51edge:(192,7) (193,8) (194,8) (195,8) (196,8) (197,8) (198,7) (197,6) (196,5) (195,5) (194,4) (193,5) (193,6) 
cluster52edge:(193,270) (193,271) (194,272) (195,272) (196,273) (197,274) (198,275) (199,276) (200,277) (200,278) (201,279) (202,278) (203,279) (204,278) (205,279) (206,278) (207,279) (208,279) (209,280) (210,281) (210,282) (211,282) (212,282) (213,283) (214,284) (214,285) (214,286) (214,287) (215,288) (216,287) (217,288) (218,287) (218,286) (219,285) (220,284) (220,283) (219,282) (219,281) (218,281) (217,281) (216,280) (216,279) (215,279) (214,279) (213,279) (212,279) (211,278) (212,277) (211,276) (211,275) (210,274) (209,273) (208,273) (207,272) (206,272) (205,272) (204,272) (203,271) (204,270) (205,270) (204,269) (203,269) (202,270) (201,270) (200,270) (199,270) (198,269) (197,269) (196,269) (195,269) (194,269) 
cluster53edge:(198,262) (198,263) (199,263) (200,263) (201,264) (202,265) (203,264) (202,263) (201,262) (200,261) (199,261) 
cluster54edge:(204,181) (205,181) 
cluster55edge:(204,265) (205,265) (205,264) 
cluster56edge:(214,177) (214,178) (215,177) 
cluster57edge:(222,247) (223,248) (224,249) (225,250) (225,249) (226,248) (227,248) (228,248) (228,247) (227,246) (227,245) (228,244) (227,244) (226,244) (225,244) (224,244) (223,245) (223,246) 
cluster58edge:(223,230) (224,231) (223,232) (224,233) (223,234) (224,234) (225,234) (226,234) (227,234) (228,234) (227,233) (227,232) (227,231) (226,231) (225,230) (224,230) 
cluster59edge:(224,109) (225,110) (224,111) (224,112) (225,113) (225,114) (226,115) (227,115) (228,115) (229,115) (230,115) (231,115) (232,115) (233,115) (234,115) (235,114) (236,113) (236,112) (237,111) (236,111) (235,110) (234,110) (233,109) (234,108) (235,108) (235,107) (234,107) (233,106) (232,105) (233,104) (234,103) (233,102) (233,101) (232,101) (231,100) (230,99) (229,98) (228,99) (227,100) (226,101) (225,102) (225,103) (225,104) (226,105) (225,106) (225,107) (225,108) 
cluster60edge:(224,219) (224,220) (224,221) (225,222) (226,223) (225,224) (226,224) (227,225) (228,225) (229,225) (230,226) (231,227) (232,226) (233,226) (233,225) (234,224) (235,224) (234,223) (233,222) (234,221) (235,221) (236,221) (237,221) (238,221) (237,220) (237,219) (236,220) (235,219) (234,218) (233,218) (232,217) (231,217) (230,217) (229,216) (228,215) (227,216) (226,215) (225,216) (226,217) (225,218) 
cluster61edge:(225,25) (225,26) (225,27) (225,28) (225,29) (226,30) (227,31) (227,32) (227,33) (228,34) (229,35) (230,36) (231,37) (232,37) (233,38) (234,39) (235,39) (236,39) (237,39) (238,39) (239,40) (240,39) (241,40) (242,40) (243,40) (244,41) (245,41) (246,41) (247,40) (246,39) (247,38) (246,37) (245,36) (245,35) (244,35) (243,34) (244,33) (243,33) (242,32) (241,32) (240,31) (239,31) (238,31) (237,30) (236,30) (235,30) (234,29) (235,28) (236,28) (237,28) (237,27) (237,26) (236,26) (235,26) (234,26) (233,26) (232,26) (231,25) (231,24) (230,24) (229,23) (230,22) (229,22) (228,22) (227,21) (226,22) (226,23) (226,24) 
cluster62edge:(225,279) (226,280) (226,281) (226,282) (227,283) (228,283) (229,284) (230,284) (231,285) (232,286) (233,286) (234,287) (235,286) (236,287) (237,286) (238,286) (237,285) (237,284) (236,283) (235,282) (235,281) (234,281) (233,280) (232,279) (231,278) (230,278) (229,277) (228,278) (227,277) (227,278) (226,279) 
cluster63edge:(228,117) (229,118) (230,117) (229,117) 
cluster64edge:(231,121) (231,122) (231,123) (231,124) (232,125) (233,126) (234,127) (235,127) (236,128) (237,128) (238,128) (239,128) (240,128) (241,127) (242,126) (242,125) (242,124) (243,123) (242,123) (241,123) (240,123) (239,123) (238,123) (237,123) (236,123) (235,123) (234,122) (235,121) (236,121) (237,121) (238,121) (239,121) (240,121) (241,120) (240,120) (239,120) (238,119) (237,119) (236,120) (235,120) (234,120) (233,121) (232,121) 
cluster65edge:(231,250) (232,251) (231,252) (231,253) (232,254) (233,255) (234,255) (235,255) (236,254) (237,253) (237,252) (238,251) (238,250) (237,250) (236,249) (235,249) (234,248) (233,247) (232,248) (232,249) 
cluster66edge:(234,232) (235,232) 
cluster67edge:(236,22) (237,22) (238,22) (239,23) (240,24) (241,25) (241,26) (241,27) (242,27) (243,27) (244,28) (245,28) (246,28) (247,29) (248,29) (249,29) (250,30) (249,31) (250,31) (251,32) (251,33) (252,32) (252,31) (252,30) (252,29) (252,28) (251,27) (251,26) (251,25) (250,25) (249,24) (248,23) (248,22) (247,21) (247,20) (246,19) (245,18) (244,18) (243,17) (242,17) (241,17) (240,18) (239,17) (238,18) (237,19) (238,20) (237,21) 
cluster68edge:(236,292) (237,293) (236,294) (237,295) (238,296) (239,296) (240,296) (241,296) (242,295) (242,294) (242,293) (241,292) (240,292) (239,292) (238,292) (237,292) 
cluster69edge:(239,74) (240,75) (241,74) (240,74) 
cluster70edge:(241,76) (242,76) 
cluster71edge:(245,243) (246,244) (245,245) (246,246) (247,246) (248,247) (249,248) (250,249) (251,250) (252,250) (253,251) (254,251) (255,251) (256,251) (257,252) (258,252) (259,253) (260,254) (261,253) (262,254) (263,255) (264,255) (265,256) (266,257) (267,257) (268,258) (269,258) (270,259) (271,258) (272,259) (273,258) (274,257) (275,257) (275,256) (274,256) (273,255) (272,254) (273,253) (274,253) (275,253) (276,253) (275,252) (276,251) (277,251) (278,251) (279,252) (280,253) (281,253) (282,254) (281,255) (280,255) (279,256) (278,257) (279,257) (280,258) (279,259) (279,260) (280,260) (281,260) (282,260) (283,261) (282,262) (282,263) (283,262) (284,262) (285,262) (286,262) (287,262) (288,261) (289,261) (290,261) (291,261) (292,261) (293,260) (294,260) (295,259) (296,258) (296,257) (297,256) (297,255) (297,254) (297,253) (297,252) (296,251) (296,250) (296,249) (295,248) (295,247) (294,246) (294,245) (294,244) (293,243) (293,242) (292,241) (291,240) (290,239) (290,238) (289,237) (288,237) (287,236) (286,235) (285,235) (284,234) (283,234) (282,234) (281,233) (280,233) (279,233) (278,233) (277,232) (276,233) (275,233) (276,234) (275,235) (276,235) (277,235) (278,235) (279,236) (278,237) (277,237) (278,238) (278,239) (279,240) (279,241) (278,242) (279,243) (278,244) (279,244) (280,244) (281,245) (280,246) (280,247) (279,248) (278,249) (277,250) (276,250) (275,250) (274,249) (273,249) (272,248) (273,247) (273,246) (272,246) (271,245) (271,244) (272,243) (271,242) (270,242) (269,241) (269,240) (270,239) (271,239) (271,238) (271,237) (270,237) (269,236) (268,235) (267,235) (266,234) (265,235) (264,235) (263,236) (262,237) (261,237) (262,238) (261,239) (260,240) (260,241) (259,242) (258,241) (257,242) (256,241) (255,242) (254,241) (253,241) (252,241) (251,241) (250,241) (249,241) (248,241) (247,242) (246,242) 
cluster72edge:(250,230) (251,230) 
cluster73edge:(253,200) (253,201) (253,202) (253,203) (253,204) (254,204) (255,205) (256,206) (257,206) (258,206) (259,205) (260,205) (261,205) (262,205) (263,205) (263,204) (262,203) (263,202) (263,201) (264,200) (263,199) (262,199) (261,198) (261,197) (261,196) (260,195) (259,196) (258,196) (257,196) (256,197) (255,197) (254,198) (254,199) 
cluster74edge:(253,228) (254,228) 
cluster75edge:(256,48) (257,49) (257,50) (258,51) (257,52) (258,53) (258,54) (259,55) (260,56) (261,55) (262,56) (263,55) (262,54) (263,53) (262,52) (263,51) (263,50) (263,49) (262,48) (263,47) (262,46) (261,45) (261,44) (260,45) (259,44) (258,45) (257,46) (258,46) (259,47) (258,48) (257,48) 
cluster76edge:(256,127) (257,128) (256,129) (257,130) (258,130) (259,130) (260,129) (261,129) (262,129) (263,128) (262,127) (262,126) (263,125) (264,125) (263,124) (262,124) (261,124) (260,125) (259,125) (258,125) (257,126) 
cluster77edge:(260,116) (260,117) (261,118) (261,119) (262,119) (263,119) (264,119) (265,119) (266,118) (267,118) (267,117) (266,116) (267,115) (266,115) (265,114) (264,115) (263,114) (262,115) (261,115) 
cluster78edge:(263,210) (263,211) (263,212) (263,213) (264,213) (265,214) (266,213) (267,213) (268,213) (269,213) (270,213) (271,213) (272,213) (273,213) (274,213) (273,212) (272,211) (271,210) (270,209) (269,209) (268,209) (267,209) (266,209) (265,209) (264,209) 
cluster79edge:(265,189) (266,189) 
cluster80edge:(267,128) (268,128) 
cluster81edge:(267,175) (267,176) (268,177) (269,176) (270,176) (271,176) (272,175) (273,175) (274,175) (275,175) (276,174) (277,175) (278,175) (279,175) (280,174) (281,173) (282,174) (283,173) (284,172) (285,172) (286,173) (287,173) (288,172) (289,171) (288,170) (287,169) (287,168) (286,169) (285,169) (284,169) (283,169) (282,169) (281,169) (280,170) (279,170) (278,169) (277,170) (276,169) (275,169) (274,169) (273,169) (272,169) (271,169) (270,169) (269,170) (268,171) (268,172) (268,173) (269,174) (268,175) 
cluster82edge:(267,196) (268,197) (269,197) (270,196) (271,197) (272,196) (271,195) (270,194) (269,193) (268,194) (268,195) 
cluster83edge:(269,215) (270,216) (271,215) (270,215) 
cluster84edge:(273,6) (273,7) (273,8) (273,9) (273,10) (274,11) (274,12) (274,13) (275,14) (276,15) (276,16) (277,17) (278,16) (279,17) (280,17) (281,16) (282,16) (283,15) (284,15) (283,14) (282,14) (281,13) (282,12) (283,11) (282,10) (281,9) (282,8) (283,8) (284,8) (285,8) (286,8) (287,8) (288,8) (289,8) (290,8) (291,9) (290,10) (289,10) (288,11) (289,12) (288,13) (287,13) (286,13) (287,14) (286,15) (285,15) (286,16) (287,17) (286,18) (287,18) (288,19) (287,20) (286,20) (286,21) (287,22) (288,22) (289,22) (290,23) (291,22) (292,21) (293,22) (294,21) (294,20) (294,19) (295,18) (295,17) (295,16) (296,15) (296,14) (297,13) (297,12) (297,11) (297,10) (298,9) (298,8) (298,7) (298,6) (297,5) (297,4) (297,3) (296,2) (295,2) (294,1) (293,0) (292,0) (292,1) (291,2) (292,3) (292,4) (292,5) (291,6) (290,6) (289,6) (288,7) (287,7) (286,7) (285,6) (284,6) (283,6) (282,5) (282,4) (282,3) (283,2) (282,1) (283,0) (284,0) (285,0) (285,299) (284,299) (283,299) (282,298) (283,297) (282,297) (281,297) (280,297) (279,297) (278,298) (277,299) (276,0) (275,1) (275,2) (274,3) (274,4) (274,5) 
cluster85edge:(274,36) (275,36) (276,37) (277,38) (278,38) (279,38) (280,39) (281,38) (280,37) (281,36) (282,36) (282,35) (281,34) (280,34) (279,33) (278,33) (277,33) (276,33) (277,34) (276,35) (275,35) 
cluster86edge:(282,112) (282,113) (282,114) (282,115) (282,116) (283,116) (284,116) (285,116) (286,116) (287,115) (287,114) (287,113) (287,112) (286,111) (285,111) (284,111) (283,111) 
cluster87edge:(283,38) (284,39) (284,38) 
