cluster1edge:(0,174) (299,173) (299,174) (299,175) (299,176) (0,177) (0,178) (0,179) (1,178) (2,178) (3,178) (2,177) (3,176) (4,176) (4,175) (3,175) (2,174) (1,173) 
cluster2edge:(0,204) (299,204) (299,205) (299,206) (299,207) (299,208) (0,207) (1,207) (2,206) (3,206) (2,205) (1,205) 
cluster3edge:(4,184) (5,185) (6,186) (5,187) (6,187) (7,188) (8,188) (9,188) (10,189) (11,190) (12,189) (13,189) (14,189) (13,188) (14,187) (13,186) (13,185) (12,184) (13,183) (12,182) (12,181) (11,182) (10,182) (9,182) (8,182) (7,183) (6,183) (5,183) 
cluster4edge:(8,180) (9,180) 
cluster5edge:(16,21) (16,22) (16,23) (17,24) (16,25) (17,26) (18,25) (19,26) (20,26) (19,25) (20,24) (21,24) (20,23) (19,22) (20,21) (21,21) (22,20) (21,19) (21,18) (20,19) (19,18) (18,19) (17,20) 
cluster6edge:(23,12) (24,13) (25,13) (26,14) (25,15) (26,15) (27,16) (28,15) (29,16) (30,17) (31,16) (30,15) (30,14) (30,13) (29,12) (29,11) (28,11) (27,10) (27,11) (26,12) (25,12) (24,12) 
cluster7edge:(30,120) (31,121) (32,122) (33,123) (32,124) (33,125) (34,126) (35,127) (36,128) (37,129) (38,130) (39,131) (39,132) (40,132) (41,133) (42,133) (43,133) (44,133) (45,133) (46,133) (47,133) (48,133) (49,132) (49,131) (50,130) (49,129) (48,128) (47,128) (46,128) (45,128) (44,127) (45,126) (44,126) (43,125) (42,125) (41,125) (40,125) (39,125) (38,124) (37,124) (36,123) (37,122) (37,121) (36,121) (35,121) (34,121) (33,121) (32,121) (31,120) (32,119) (31,119) 
cluster8edge:(38,117) (39,117) 
cluster9edge:(44,46) (44,47) 
cluster10edge:(44,49) (45,50) (46,51) (45,52) (46,53) (47,54) (48,54) (48,53) (48,52) (49,51) (48,50) (49,49) (49,48) (48,47) (47,46) (47,45) (46,46) (46,47) (45,48) 
cluster11edge:(47,230) (47,231) (47,232) (48,233) (49,234) (50,235) (51,236) (52,236) (53,236) (54,236) (55,236) (56,236) (57,236) (58,237) (59,236) (60,237) (61,236) (62,235) (63,235) (64,234) (64,233) (65,232) (64,232) (63,231) (62,230) (62,229) (61,228) (60,227) (59,226) (58,226) (57,226) (56,226) (55,226) (54,225) (53,226) (52,226) (51,226) (50,227) (51,227) (52,228) (53,229) (52,230) (51,230) (50,230) (49,230) (48,230) 
cluster12edge:(50,133) (50,134) 
cluster13edge:(54,48) (55,48) 
cluster14edge:(68,116) (69,116) 
cluster15edge:(69,196) (70,197) (70,198) (70,199) (70,200) (70,201) (71,202) (72,203) (73,203) (74,204) (75,203) (76,203) (77,202) (78,202) (79,201) (80,201) (81,201) (82,201) (81,200) (80,199) (81,198) (80,198) (79,198) (78,198) (77,197) (78,196) (79,196) (80,195) (81,195) (82,195) (81,194) (82,193) (81,193) (80,192) (79,191) (78,191) (77,190) (76,191) (75,191) (74,191) (73,191) (72,192) (71,193) (70,194) (70,195) 
cluster16edge:(70,117) (71,118) (72,118) (72,117) (71,116) 
cluster17edge:(82,3) (83,4) (83,5) (83,6) (84,7) (85,8) (86,9) (87,8) (88,8) (89,7) (89,6) (90,5) (91,5) (92,5) (93,5) (93,4) (92,3) (91,3) (90,3) (89,3) (88,2) (89,1) (90,1) (91,1) (92,1) (92,0) (92,299) (91,298) (90,298) (89,297) (88,297) (87,298) (86,297) (85,298) (84,299) (83,0) (83,1) (83,2) 
cluster18edge:(84,193) (85,193) 
cluster19edge:(91,181) (92,181) 
cluster20edge:(93,179) (93,180) (94,180) 
cluster21edge:(97,5) (98,5) 
cluster22edge:(107,241) (108,242) (109,242) (110,242) (111,243) (111,244) (110,245) (111,246) (110,247) (110,248) (111,248) (112,248) (113,249) (114,249) (115,249) (116,249) (117,249) (118,248) (119,248) (120,248) (121,248) (122,248) (123,247) (124,247) (125,246) (126,245) (125,244) (124,244) (123,244) (122,243) (121,243) (120,244) (119,243) (118,244) (117,243) (116,243) (115,242) (114,241) (113,241) (112,240) (111,240) (110,240) (109,241) (108,241) 
cluster23edge:(119,204) (120,205) (120,206) (120,207) (120,208) (120,209) (121,210) (122,211) (123,212) (124,212) (125,211) (126,211) (125,210) (126,209) (127,209) (128,209) (129,208) (130,208) (131,207) (132,207) (133,207) (132,206) (133,205) (134,205) (135,205) (135,204) (136,203) (135,203) (134,202) (133,201) (132,201) (131,201) (130,201) (129,201) (128,201) (127,201) (126,201) (125,200) (124,201) (123,200) (122,201) (121,201) (120,202) (120,203) 
cluster24edge:(128,243) (129,244) (130,244) (129,243) 
cluster25edge:(130,217) (131,218) (132,219) (133,218) (134,219) (135,218) (136,219) (137,218) (137,217) (138,216) (139,215) (139,214) (140,213) (141,213) (142,214) (143,214) (144,214) (145,215) (146,214) (147,214) (148,214) (149,214) (150,213) (151,212) (150,211) (151,210) (151,209) (151,208) (150,207) (151,206) (150,205) (149,204) (148,203) (149,202) (148,201) (147,201) (146,200) (145,200) (146,201) (145,202) (145,203) (144,204) (143,205) (143,206) (142,207) (141,207) (140,207) (140,208) (139,209) (138,210) (137,211) (136,211) (137,212) (136,213) (135,213) (134,214) (133,214) (132,214) (131,215) (131,216) 
cluster26edge:(131,1) (132,2) (133,3) (133,4) (134,3) (135,4) (136,3) (136,2) (135,2) (134,1) (133,0) (132,0) 
cluster27edge:(132,287) (132,288) (133,289) (134,289) (135,290) (134,291) (133,291) (132,292) (133,292) (134,293) (135,292) (136,293) (137,294) (138,295) (138,296) (139,297) (140,298) (141,299) (142,298) (143,298) (144,298) (145,298) (146,298) (147,297) (148,298) (149,298) (150,298) (151,299) (152,299) (153,299) (154,298) (155,299) (156,298) (155,297) (156,296) (156,295) (156,294) (156,293) (156,292) (156,291) (156,290) (155,290) (154,289) (153,289) (152,288) (151,288) (150,288) (149,288) (148,287) (149,286) (150,286) (151,286) (152,286) (153,286) (152,285) (153,284) (154,283) (155,283) (155,282) (156,281) (157,280) (158,279) (159,279) (158,278) (159,277) (160,277) (160,276) (159,275) (158,274) (157,273) (156,274) (155,273) (154,274) (153,273) (152,274) (151,275) (150,276) (149,275) (148,276) (147,277) (146,277) (145,277) (144,278) (143,279) (142,280) (143,281) (144,281) (145,282) (144,283) (145,284) (145,285) (144,286) (143,286) (142,286) (141,286) (140,286) (139,286) (138,285) (138,284) (139,283) (138,282) (138,281) (139,280) (138,280) (137,279) (136,279) (135,279) (134,280) (134,281) (135,282) (134,283) (135,284) (135,285) (135,286) (134,287) (133,287) 
cluster28edge:(135,207) (136,207) 
cluster29edge:(138,7) (138,8) (139,8) (140,7) (139,6) 
cluster30edge:(159,257) (159,258) (159,259) (159,260) (159,261) (160,262) (160,263) (160,264) (161,265) (162,265) (163,266) (164,266) (165,265) (166,265) (167,265) (168,264) (169,264) (168,263) (169,262) (168,262) (167,262) (166,261) (167,260) (166,259) (167,258) (166,257) (167,256) (168,256) (168,255) (167,255) (166,255) (165,254) (164,254) (163,255) (162,254) (161,255) (160,256) 
cluster31edge:(160,227) (160,228) (160,229) (161,230) (161,229) (162,228) (163,228) (164,228) (165,228) (164,227) (163,226) (162,225) (161,226) 
cluster32edge:(163,101) (164,102) (165,102) (166,103) (167,103) (168,102) (169,102) (170,101) (169,100) (168,99) (167,98) (167,97) (166,98) (165,99) (164,99) (165,100) (164,101) 
cluster33edge:(167,234) (168,235) (169,235) (170,236) (171,237) (172,238) (173,238) (174,239) (175,240) (176,241) (176,242) (177,243) (178,244) (179,245) (180,245) (181,245) (182,244) (183,244) (184,244) (185,244) (186,245) (187,246) (188,245) (189,246) (190,245) (190,244) (190,243) (191,242) (190,241) (189,240) (188,239) (187,238) (186,238) (185,238) (184,238) (183,238) (182,237) (183,236) (182,235) (181,234) (180,233) (180,232) (179,231) (178,231) (177,231) (176,230) (175,230) (174,229) (173,228) (173,227) (172,226) (171,226) (170,226) (171,227) (170,228) (171,229) (171,230) (170,231) (169,231) (168,232) (169,232) (170,233) (169,234) (168,234) 
cluster34edge:(168,188) (168,189) (169,190) (168,191) (168,192) (169,193) (170,192) (171,193) (172,193) (173,193) (174,194) (175,193) (175,192) (174,191) (174,190) (173,189) (174,188) (173,187) (173,186) (172,187) (171,186) (170,187) (169,186) (169,187) 
cluster35edge:(171,68) (171,69) (171,70) (171,71) (171,72) (172,73) (173,74) (174,75) (175,75) (176,75) (177,75) (178,75) (179,75) (178,74) (178,73) (177,73) (176,72) (177,71) (178,71) (179,71) (179,70) (178,70) (177,70) (176,69) (175,69) (174,68) (174,67) (173,66) (172,67) 
cluster36edge:(172,50) (172,51) (172,52) (172,53) (173,54) (174,53) (175,53) (174,52) (175,51) (176,51) (177,50) (177,49) (176,48) (175,49) (174,48) (173,49) 
cluster37edge:(172,267) (173,268) (174,268) (175,269) (176,268) (177,267) (176,266) (177,265) (176,264) (175,263) (174,264) (173,264) (174,265) (174,266) (173,267) 
cluster38edge:(173,262) (174,262) 
cluster39edge:(183,82) (183,83) (184,83) (185,83) (184,82) (185,81) (184,81) 
cluster40edge:(191,159) (192,160) (191,161) (192,162) (193,163) (194,164) (195,164) (196,165) (197,166) (198,167) (199,167) (200,167) (201,168) (202,169) (203,168) (204,169) (205,169) (206,169) (207,168) (208,168) (209,168) (210,167) (209,166) (208,166) (207,166) (206,165) (207,164) (208,164) (209,164) (208,163) (207,163) (206,162) (205,162) (204,162) (203,162) (202,161) (201,160) (200,160) (199,160) (198,160) (197,159) (198,158) (199,158) (200,158) (199,157) (198,157) (197,157) (196,158) (195,158) (194,158) (193,158) (192,158) 
cluster41edge:(193,254) (194,255) (195,256) (196,256) (197,256) (197,255) (197,254) (197,253) (196,253) (195,252) (194,253) 
cluster42edge:(194,262) (195,263) (196,264) (197,263) (196,262) (195,262) 
cluster43edge:(195,79) (195,80) 
cluster44edge:(204,142) (205,142) (206,142) (205,141) 
cluster45edge:(209,125) (210,126) (210,127) (211,126) (212,127) (213,126) (212,125) (212,124) (211,123) (210,124) 
cluster46edge:(216,130) (217,130) (218,131) (217,132) (217,133) (217,134) (217,135) (217,136) (218,137) (219,138) (220,139) (220,140) (221,140) (222,140) (223,140) (224,140) (225,140) (226,140) (227,140) (228,141) (229,141) (230,142) (231,142) (232,143) (233,144) (234,144) (235,145) (236,146) (237,145) (238,146) (239,147) (240,146) (241,147) (242,146) (241,146) (240,145) (239,145) (238,144) (239,143) (238,143) (237,142) (238,141) (239,141) (238,140) (238,139) (237,138) (237,137) (236,137) (235,137) (234,137) (233,136) (234,135) (235,135) (236,135) (237,135) (238,135) (237,134) (236,133) (236,132) (236,131) (237,130) (236,130) (235,129) (234,128) (235,127) (236,127) (236,126) (235,126) (234,125) (233,125) (232,125) (231,124) (230,124) (229,125) (228,125) (227,125) (226,126) (225,126) (224,126) (223,127) (222,128) (221,129) (220,129) (219,128) (218,129) (217,129) 
cluster47edge:(217,127) (218,127) 
cluster48edge:(233,123) (234,123) 
cluster49edge:(236,27) (237,28) (238,29) (238,30) (238,31) (239,32) (240,32) (241,33) (242,34) (243,33) (244,34) (244,33) (245,32) (246,32) (246,31) (246,30) (246,29) (245,28) (246,27) (245,27) (244,27) (243,27) (242,27) (241,27) (240,27) (239,27) (238,26) (238,25) (237,26) 
cluster50edge:(242,47) (243,48) (244,49) (245,50) (246,49) (247,48) (248,48) (247,47) (247,46) (248,45) (247,44) (246,43) (245,44) (244,45) (243,44) (243,45) (243,46) 
cluster51edge:(242,290) (243,290) (244,289) (245,290) (246,290) (247,289) (248,288) (249,288) (250,288) (251,288) (252,288) (253,288) (254,288) (255,288) (256,288) (257,288) (258,287) (259,287) (260,287) (261,286) (262,287) (263,286) (264,285) (263,284) (262,283) (261,284) (260,283) (259,283) (258,282) (257,283) (256,283) (255,284) (254,283) (253,284) (252,283) (251,284) (250,283) (249,284) (248,284) (247,284) (246,285) (245,286) (244,287) (243,288) (243,289) 
cluster52edge:(249,294) (250,295) (249,296) (250,297) (251,297) (252,298) (253,298) (254,298) (255,299) (256,0) (257,0) (258,0) (259,1) (260,1) (261,1) (262,2) (263,2) (264,2) (265,2) (266,2) (267,2) (268,1) (269,1) (270,0) (271,299) (271,298) (272,297) (271,296) (271,295) (271,294) (271,293) (270,292) (269,291) (268,292) (267,292) (266,292) (265,292) (264,292) (263,292) (262,292) (261,292) (260,292) (259,292) (258,293) (257,293) (256,293) (255,293) (254,293) (253,294) (252,294) (251,294) (250,294) 
cluster53edge:(250,29) (251,29) 
cluster54edge:(252,45) (253,45) 
cluster55edge:(287,283) (287,284) (288,284) (289,284) (290,284) (290,283) (291,282) (290,281) (289,282) (288,283) 
cluster56edge:(288,175) (289,176) (288,177) (289,178) (288,179) (289,180) (290,181) (290,182) (291,182) (292,183) (293,184) (294,184) (294,183) (294,182) (294,181) (294,180) (294,179) (294,178) (294,177) (294,176) (294,175) (294,174) (295,173) (294,173) (293,173) (292,174) (291,173) (290,174) (289,175) 
cluster57edge:(288,202) (289,203) (288,204) (289,205) (289,206) (290,207) (291,207) (292,207) (293,207) (294,208) (294,207) (294,206) (294,205) (294,204) (293,203) (293,202) (292,202) (291,203) (290,203) (289,202) 
cluster58edge:(288,233) (289,234) (290,234) (291,234) (290,233) (289,232) 
cluster59edge:(292,231) (292,232) 
cluster60edge:(295,209) (296,209) (297,208) (297,207) (297,206) (296,207) (296,208) 
