cluster1edge:(0,283) (299,283) (298,283) (297,283) (296,283) (295,283) (294,283) (293,284) (292,284) (291,284) (290,284) (289,285) (288,285) (287,285) (286,286) (285,285) (284,286) (285,287) (286,288) (287,288) (288,289) (289,289) (290,290) (291,289) (292,289) (293,289) (294,289) (293,288) (294,287) (295,287) (296,287) (297,286) (298,287) (299,288) (0,287) (0,286) (0,285) (1,284) (2,284) (1,283) 
cluster2edge:(1,159) (1,160) (1,161) (2,162) (1,163) (2,164) (3,165) (4,166) (5,165) (6,166) (7,166) (8,165) (9,165) (10,165) (11,164) (12,163) (13,163) (14,162) (14,161) (13,160) (13,159) (12,159) (11,158) (10,157) (9,158) (8,157) (7,157) (6,157) (5,157) (4,157) (3,157) (2,158) 
cluster3edge:(14,109) (14,110) (15,110) (16,111) (16,112) (17,113) (18,114) (19,114) (20,113) (21,113) (20,112) (19,111) (19,110) (18,110) (17,109) (16,110) (15,109) 
cluster4edge:(17,118) (18,118) 
cluster5edge:(23,36) (24,37) (23,38) (24,39) (23,40) (24,41) (25,42) (26,43) (27,43) (28,44) (29,43) (30,42) (29,41) (30,40) (31,40) (32,39) (32,38) (33,37) (34,36) (35,35) (34,35) (33,34) (32,34) (31,34) (30,33) (29,34) (28,33) (27,34) (26,34) (25,34) (24,35) 
cluster6edge:(27,169) (27,170) (27,171) (28,172) (29,173) (30,174) (31,174) (32,173) (31,173) (30,172) (31,171) (32,171) (31,170) (32,169) (33,169) (32,168) (31,167) (32,166) (31,165) (30,166) (29,166) (28,167) (28,168) 
cluster7edge:(31,283) (32,284) (31,285) (32,286) (33,287) (34,288) (34,289) (35,290) (35,291) (36,292) (37,293) (38,293) (39,294) (40,294) (41,294) (42,295) (43,295) (44,295) (45,296) (46,296) (47,296) (48,296) (49,296) (50,297) (51,296) (52,296) (53,295) (54,294) (53,294) (52,293) (53,292) (52,292) (51,291) (52,290) (51,289) (52,288) (53,288) (54,288) (53,287) (53,286) (54,285) (53,285) (52,285) (51,285) (50,286) (49,286) (48,286) (47,285) (46,285) (45,285) (44,285) (43,285) (42,285) (41,285) (40,284) (40,283) (39,283) (38,283) (37,283) (36,283) (35,283) (34,282) (34,281) (34,280) (33,280) (33,281) (32,282) 
cluster8edge:(32,45) (33,45) 
cluster9edge:(39,280) (40,280) (41,280) (42,280) (43,280) (44,281) (45,281) (46,281) (47,281) (48,281) (49,281) (50,281) (51,281) (50,280) (49,279) (48,278) (48,277) (48,276) (47,275) (46,274) (45,275) (44,274) (43,275) (43,276) (43,277) (42,278) (41,278) (40,279) 
cluster10edge:(49,283) (50,283) 
cluster11edge:(55,205) (56,205) 
cluster12edge:(57,281) (57,282) (58,281) 
cluster13edge:(59,16) (60,16) 
cluster14edge:(61,212) (62,213) (61,214) (62,215) (63,216) (64,217) (65,216) (66,215) (67,214) (66,213) (67,212) (66,211) (65,211) (64,211) (63,211) (62,211) 
cluster15edge:(63,224) (64,225) (63,226) (64,227) (63,228) (64,229) (65,230) (66,231) (66,232) (67,233) (68,234) (69,235) (70,234) (71,235) (72,234) (73,233) (74,233) (75,232) (74,231) (75,230) (76,230) (77,230) (76,229) (77,228) (78,227) (79,227) (79,226) (80,225) (80,224) (79,223) (78,223) (77,222) (76,222) (75,222) (74,222) (73,221) (72,222) (71,221) (70,222) (69,221) (68,221) (67,222) (66,221) (65,222) (64,223) 
cluster16edge:(66,269) (67,270) (66,271) (67,271) (68,271) (69,271) (70,271) (71,271) (72,272) (73,273) (74,273) (74,272) (75,271) (76,272) (77,271) (76,270) (76,269) (75,270) (74,269) (73,269) (72,269) (71,269) (70,269) (69,269) (68,269) (67,269) 
cluster17edge:(69,283) (69,284) 
cluster18edge:(70,274) (71,274) 
cluster19edge:(75,157) (76,157) 
cluster20edge:(78,49) (79,50) (78,51) (79,52) (80,52) (81,53) (82,53) (83,54) (84,53) (85,54) (86,53) (87,53) (88,52) (89,51) (89,50) (89,49) (89,48) (89,47) (88,46) (87,45) (86,46) (85,46) (84,47) (83,46) (82,47) (82,48) (81,49) (80,49) (79,49) 
cluster21edge:(81,279) (81,280) (82,281) (83,280) (82,279) (82,278) 
cluster22edge:(82,274) (83,274) (84,274) (83,273) 
cluster23edge:(86,103) (87,103) (88,103) (87,102) 
cluster24edge:(92,221) (92,222) (93,222) (94,222) (95,222) (96,222) (96,221) (95,220) (94,221) (93,221) 
cluster25edge:(94,16) (94,17) (94,18) (95,19) (94,20) (94,21) (95,22) (95,23) (96,23) (97,22) (98,23) (99,22) (99,21) (98,21) (97,20) (98,19) (99,19) (98,18) (98,17) (97,16) (96,16) (95,16) 
cluster26edge:(95,225) (96,226) (97,227) (96,228) (96,229) (97,230) (96,231) (97,232) (98,232) (99,232) (100,232) (101,233) (100,234) (99,234) (98,235) (99,235) (100,235) (101,236) (100,237) (101,237) (102,238) (103,239) (104,240) (105,240) (106,240) (107,239) (108,240) (109,239) (108,238) (109,237) (109,236) (108,235) (108,234) (107,233) (106,232) (105,231) (104,230) (103,229) (103,228) (102,227) (101,226) (100,226) (99,225) (98,224) (97,224) (96,224) 
cluster27edge:(104,22) (105,23) (106,24) (107,25) (108,24) (109,23) (110,22) (109,21) (109,20) (108,19) (108,18) (107,19) (106,19) (107,20) (106,21) (105,22) 
cluster28edge:(113,79) (113,80) (113,81) (114,81) (115,82) (116,83) (116,84) (117,83) (118,83) (119,83) (120,83) (120,82) (121,81) (121,80) (121,79) (121,78) (121,77) (120,76) (119,77) (118,76) (117,77) (116,76) (115,77) (115,78) (114,79) 
cluster29edge:(114,256) (115,257) (114,258) (115,259) (114,260) (115,260) (116,260) (117,260) (118,260) (119,260) (120,260) (121,260) (122,260) (123,260) (124,261) (125,260) (126,261) (127,260) (128,259) (127,258) (126,258) (125,258) (124,257) (123,256) (122,255) (121,254) (120,255) (119,254) (118,254) (117,254) (116,254) (115,255) 
cluster30edge:(123,227) (124,228) (125,229) (126,228) (127,229) (128,230) (129,230) (130,231) (131,232) (132,233) (133,234) (134,235) (135,235) (136,235) (137,235) (138,234) (139,234) (140,234) (139,233) (138,232) (139,231) (140,231) (141,231) (142,231) (143,230) (142,230) (141,229) (140,229) (139,228) (140,227) (139,227) (138,226) (138,225) (139,224) (138,224) (137,223) (136,222) (136,221) (136,220) (135,219) (134,218) (133,218) (132,217) (131,217) (130,218) (129,219) (128,219) (127,219) (126,220) (125,221) (125,222) (124,223) (124,224) (124,225) (124,226) 
cluster31edge:(128,261) (129,261) 
cluster32edge:(129,172) (129,173) (130,172) 
cluster33edge:(146,275) (147,276) (148,277) (149,278) (150,277) (151,278) (152,277) (153,276) (154,275) (153,274) (152,273) (151,274) (150,273) (149,274) (148,273) (147,274) 
cluster34edge:(149,41) (150,42) (149,43) (150,44) (150,45) (151,46) (152,46) (153,46) (154,46) (155,46) (156,45) (155,45) (154,44) (155,43) (156,42) (157,42) (156,41) (155,41) (154,40) (153,40) (152,39) (151,40) (150,40) 
cluster35edge:(152,284) (153,285) (154,286) (155,287) (156,287) (157,288) (158,288) (159,288) (160,288) (161,288) (162,288) (163,287) (164,287) (165,286) (166,285) (167,284) (166,283) (165,282) (164,281) (165,280) (164,279) (164,278) (164,277) (165,276) (164,276) (163,275) (163,276) (162,277) (161,277) (160,277) (160,278) (160,279) (159,280) (158,280) (157,281) (156,282) (155,282) (154,282) (153,282) (153,283) 
cluster36edge:(155,268) (156,269) (157,268) (156,267) 
cluster37edge:(159,71) (160,71) 
cluster38edge:(164,249) (165,250) (165,251) (165,252) (165,253) (166,254) (167,253) (168,253) (169,253) (170,253) (169,252) (170,251) (171,251) (171,250) (170,250) (169,250) (168,249) (169,248) (168,247) (167,247) (166,247) (165,248) 
cluster39edge:(166,183) (166,184) (166,185) (167,186) (166,187) (167,188) (168,189) (169,190) (170,190) (171,190) (171,189) (170,188) (169,188) (168,188) (167,187) (168,186) (169,186) (170,186) (170,185) (170,184) (171,183) (171,182) (170,182) (169,182) (168,182) (167,182) 
cluster40edge:(167,269) (168,269) 
cluster41edge:(174,186) (175,186) 
cluster42edge:(174,255) (175,255) 
cluster43edge:(179,29) (180,30) (179,31) (180,32) (181,33) (182,34) (182,35) (183,34) (184,34) (183,33) (184,32) (184,31) (183,30) (183,29) (182,28) (181,29) (180,28) 
cluster44edge:(185,38) (185,39) 
cluster45edge:(187,38) (187,39) 
cluster46edge:(191,288) (191,289) (191,290) (191,291) (191,292) (192,293) (192,294) (193,294) (194,294) (195,294) (196,293) (197,293) (198,293) (199,293) (200,293) (201,293) (202,293) (203,292) (202,291) (202,290) (201,290) (200,290) (199,289) (198,288) (197,287) (196,287) (195,287) (194,286) (193,287) (192,287) 
cluster47edge:(199,0) (200,1) (201,1) (202,1) (203,1) (204,0) (205,299) (204,298) (203,298) (202,298) (201,298) (200,298) (199,298) (200,299) 
cluster48edge:(209,248) (210,249) (210,250) (211,251) (211,252) (212,252) (213,252) (214,252) (215,252) (215,251) (216,250) (215,249) (214,248) (215,247) (214,247) (213,247) (212,246) (212,245) (211,246) (210,247) 
cluster49edge:(221,280) (222,281) (222,282) (222,283) (222,284) (223,285) (223,286) (224,287) (225,288) (226,289) (227,289) (228,289) (229,288) (230,288) (231,288) (231,287) (232,286) (233,286) (234,286) (235,286) (236,286) (237,286) (238,286) (239,286) (240,286) (241,287) (240,288) (239,288) (238,288) (238,289) (237,290) (236,290) (237,291) (238,291) (239,291) (240,291) (241,291) (242,291) (243,291) (244,291) (245,292) (244,293) (243,293) (242,293) (241,293) (240,293) (239,294) (238,294) (237,294) (236,294) (237,295) (238,296) (238,297) (239,298) (240,299) (241,299) (242,299) (243,0) (244,0) (245,0) (246,0) (247,0) (248,299) (249,0) (250,299) (251,299) (252,299) (253,298) (254,298) (255,298) (256,297) (257,296) (258,297) (258,296) (259,295) (260,294) (261,295) (262,294) (263,295) (264,294) (265,295) (266,294) (267,295) (268,294) (268,293) (269,292) (270,292) (271,292) (272,291) (271,291) (270,291) (269,290) (270,289) (271,289) (272,289) (271,288) (272,287) (273,287) (274,287) (275,287) (276,286) (277,286) (278,286) (279,287) (278,288) (277,289) (276,289) (275,289) (274,289) (273,289) 
cluster50edge:(242,134) (243,135) (243,136) (243,137) (243,138) (244,139) (245,139) (246,139) (247,140) (248,139) (249,140) (250,140) (251,140) (252,140) (253,140) (254,141) (255,140) (256,141) (257,141) (258,141) (259,141) (260,142) (261,142) (262,142) (263,143) (264,143) (265,144) (266,144) (267,144) (268,145) (269,144) (270,144) (270,143) (271,142) (270,142) (269,142) (268,141) (269,140) (270,140) (271,140) (270,139) (269,139) (268,138) (267,138) (266,138) (265,137) (264,137) (263,136) (262,136) (261,136) (260,135) (259,134) (260,133) (259,133) (258,132) (258,131) (257,131) (256,130) (255,130) (254,130) (253,130) (252,129) (253,128) (253,127) (252,127) (251,127) (250,127) (249,127) (248,127) (247,126) (248,125) (247,125) (246,125) (245,126) (245,127) (245,128) (244,129) (244,130) (244,131) (243,132) (244,133) (243,134) 
cluster51edge:(252,120) (253,120) (254,120) (255,120) (256,120) (255,119) (254,119) (253,119) 
cluster52edge:(261,262) (261,263) (261,264) (261,265) (262,266) (262,267) (263,268) (264,267) (265,268) (266,268) (267,268) (268,267) (269,267) (270,267) (271,266) (270,265) (269,264) (268,263) (268,262) (267,261) (266,261) (265,260) (264,260) (263,260) (262,261) 
cluster53edge:(265,270) (266,271) (266,272) (267,272) (268,271) (269,272) (270,271) (269,270) (268,270) (267,270) (266,270) 
cluster54edge:(280,190) (280,191) (281,192) (281,193) (282,194) (283,194) (284,195) (285,196) (286,197) (287,196) (288,197) (289,197) (290,197) (291,197) (292,196) (293,196) (293,195) (292,195) (291,195) (290,195) (289,194) (289,193) (290,192) (289,192) (288,192) (287,191) (286,190) (287,189) (286,189) (285,189) (284,188) (283,188) (282,188) (281,189) 
cluster55edge:(298,289) (298,290) 
