cluster1edge:(0,88) (299,88) (298,88) (297,87) (296,88) (295,87) (294,87) (293,87) (292,88) (291,88) (290,88) (289,89) (288,90) (287,91) (286,92) (286,93) (286,94) (285,95) (284,96) (285,97) (284,98) (285,99) (284,100) (284,101) (284,102) (285,103) (285,104) (286,105) (287,105) (288,105) (289,105) (290,105) (291,105) (292,105) (293,104) (294,103) (295,104) (295,105) (296,104) (297,105) (298,104) (299,103) (299,102) (299,101) (299,100) (299,99) (0,98) (1,98) (0,97) (0,96) (0,95) (1,94) (0,93) (1,92) (0,91) (0,90) (1,89) 
cluster2edge:(0,115) (299,114) (298,113) (297,112) (296,113) (295,112) (294,112) (293,112) (292,112) (291,113) (291,114) (292,115) (292,116) (293,117) (293,118) (294,119) (295,119) (296,120) (297,121) (298,120) (298,119) (298,118) (298,117) (299,116) (0,117) (0,118) (0,119) (1,120) (1,121) (1,122) (0,123) (1,124) (1,125) (2,126) (3,127) (4,127) (5,128) (6,129) (6,130) (7,131) (8,131) (9,132) (10,133) (11,134) (12,133) (13,134) (14,133) (15,134) (16,133) (17,132) (18,133) (18,132) (19,131) (18,130) (19,129) (18,128) (19,127) (20,126) (19,125) (18,125) (17,124) (18,123) (17,123) (16,123) (15,122) (16,121) (17,121) (18,121) (19,120) (18,120) (17,120) (16,120) (15,119) (16,118) (15,118) (14,119) (13,118) (12,118) (11,117) (10,117) (9,116) (8,116) (7,116) (6,116) (5,116) (4,116) (3,117) (2,116) (1,117) (0,116) 
cluster3edge:(0,153) (1,154) (1,155) (1,156) (2,157) (3,158) (3,159) (4,160) (4,161) (4,162) (5,163) (5,164) (6,165) (7,165) (8,165) (9,164) (10,163) (11,163) (12,162) (13,162) (14,162) (14,161) (13,161) (12,160) (11,159) (10,159) (9,158) (8,157) (7,156) (6,156) (5,155) (4,155) (3,154) (2,153) (1,153) 
cluster4edge:(0,226) (299,225) (298,225) (297,225) (296,224) (295,225) (294,224) (293,225) (292,225) (292,226) (291,227) (291,228) (291,229) (292,230) (292,231) (292,232) (293,233) (293,234) (294,234) (295,234) (296,234) (296,233) (297,232) (298,233) (299,234) (299,233) (0,232) (1,232) (2,232) (3,231) (2,230) (3,229) (4,228) (3,227) (2,228) (1,227) 
cluster5edge:(1,139) (2,140) (2,139) 
cluster6edge:(5,234) (5,235) (5,236) (5,237) (6,238) (7,239) (8,240) (9,239) (8,238) (9,237) (10,236) (9,235) (8,234) (8,233) (7,234) (6,234) 
cluster7edge:(6,114) (7,114) 
cluster8edge:(9,169) (9,170) (10,171) (10,172) (11,172) (12,173) (13,173) (14,174) (15,173) (16,174) (17,173) (18,174) (19,173) (20,174) (21,173) (22,172) (22,171) (21,170) (20,170) (19,169) (18,168) (19,167) (18,167) (17,166) (16,167) (15,167) (14,167) (13,168) (12,167) (11,167) (11,168) (10,169) 
cluster9edge:(16,15) (16,16) (16,17) (17,18) (17,19) (18,20) (19,21) (20,22) (21,22) (22,23) (23,23) (24,23) (25,23) (26,23) (27,23) (28,23) (29,23) (30,24) (31,23) (32,23) (33,23) (34,22) (35,23) (36,22) (37,21) (38,22) (39,21) (40,21) (40,20) (40,19) (39,18) (40,17) (41,17) (40,16) (41,15) (40,14) (39,15) (38,14) (37,13) (36,13) (35,13) (34,13) (33,13) (32,12) (33,11) (32,11) (31,11) (30,11) (29,11) (28,11) (27,11) (26,12) (25,12) (24,12) (23,11) (22,11) (21,12) (20,12) (19,13) (18,12) (17,13) (17,14) 
cluster10edge:(21,116) (22,116) 
cluster11edge:(21,182) (22,183) (22,184) (21,185) (22,186) (21,187) (22,188) (21,189) (22,190) (23,189) (24,189) (23,188) (23,187) (24,186) (25,186) (26,186) (27,187) (28,187) (29,187) (30,188) (30,187) (31,186) (30,185) (29,185) (28,185) (27,185) (26,185) (25,185) (24,184) (25,183) (26,183) (27,182) (26,182) (25,181) (24,181) (23,181) (22,181) 
cluster12edge:(23,283) (23,284) (24,284) 
cluster13edge:(25,121) (26,121) (27,120) (26,120) 
cluster14edge:(40,69) (41,70) (41,71) (41,72) (42,73) (43,74) (44,74) (45,74) (46,74) (47,75) (48,75) (49,75) (50,75) (51,75) (52,75) (53,75) (54,76) (55,77) (56,77) (57,78) (58,78) (59,77) (58,76) (58,75) (59,74) (60,74) (59,73) (58,74) (57,74) (56,74) (55,73) (56,72) (57,71) (58,72) 
cluster15edge:(41,65) (42,65) (43,64) (44,65) (45,64) (44,63) (43,63) (42,64) 
cluster16edge:(45,15) (46,15) 
cluster17edge:(48,243) (49,243) (50,243) (51,243) (52,243) (53,243) (54,242) (53,241) (52,241) (51,241) (50,241) (49,242) 
cluster18edge:(51,187) (51,188) (52,187) (53,187) (52,186) 
cluster19edge:(52,190) (53,190) 
cluster20edge:(52,204) (52,205) (52,206) (53,207) (53,208) (54,209) (55,210) (56,211) (57,211) (58,211) (59,211) (60,211) (59,210) (58,210) (57,209) (58,208) (59,208) (58,207) (59,206) (60,206) (61,206) (62,206) (63,206) (64,206) (65,207) (64,208) (65,208) (66,208) (67,209) (66,210) (65,211) (66,211) (67,211) (68,211) (69,212) (70,212) (71,212) (72,213) (73,213) (74,212) (75,212) (76,212) (77,211) (78,211) (79,212) (80,211) (81,210) (82,211) (83,210) (84,210) (85,210) (86,210) (86,209) (87,208) (88,208) (89,207) (90,207) (89,206) (90,205) (91,204) (92,204) (93,204) (92,203) (91,202) (91,201) (92,200) (93,200) (94,200) (95,199) (96,199) (95,198) (94,198) (93,198) (92,197) (93,196) (94,196) (95,196) (94,195) (93,195) (92,194) (91,193) (91,192) (90,191) (89,190) (88,189) (88,188) (87,189) (86,188) (85,189) (84,188) (83,189) (82,189) (81,189) (80,189) (79,190) (78,190) (77,191) (76,191) (75,191) (74,192) (73,193) (72,194) (71,195) (70,194) (70,195) (69,196) (68,197) (67,196) (66,197) (65,198) (64,199) (63,200) (62,200) (63,201) (64,202) (63,203) (64,203) (65,203) (66,204) (65,205) (64,205) (63,205) (62,205) (61,205) (60,205) (59,205) (58,205) (57,205) (56,204) (57,203) (58,203) (57,202) (56,202) (55,201) (54,202) (53,203) 
cluster21edge:(57,186) (57,187) (58,188) (59,187) (58,186) (58,185) 
cluster22edge:(58,150) (59,150) (60,151) (61,152) (62,152) (63,152) (64,153) (65,154) (66,153) (67,152) (66,151) (65,150) (64,149) (63,149) (62,148) (61,148) (60,148) (59,149) 
cluster23edge:(58,241) (59,242) (59,243) (60,243) (61,244) (62,243) (63,244) (64,243) (65,244) (66,243) (67,242) (66,241) (65,240) (64,239) (63,240) (62,239) (61,240) (60,239) (59,240) 
cluster24edge:(66,160) (67,161) (68,162) (69,162) (70,162) (71,163) (72,162) (73,163) (74,162) (74,161) (74,160) (74,159) (74,158) (73,159) (72,158) (71,157) (71,158) (70,159) (69,159) (68,159) (67,159) 
cluster25edge:(66,252) (67,253) (68,253) (69,253) (70,253) (71,254) (72,254) (73,254) (73,253) (74,252) (73,252) (72,251) (71,250) (70,249) (69,249) (68,250) (67,251) 
cluster26edge:(68,76) (68,77) 
cluster27edge:(75,106) (76,107) (76,108) (75,109) (76,110) (76,111) (76,112) (77,112) (78,113) (79,113) (80,114) (81,113) (82,112) (82,111) (83,110) (82,110) (81,109) (81,108) (81,107) (80,106) (79,106) (78,106) (77,106) (76,105) 
cluster28edge:(75,250) (76,251) (77,251) (78,252) (78,251) (77,250) (76,249) 
cluster29edge:(77,269) (78,269) 
cluster30edge:(78,218) (79,218) (80,219) (81,219) (82,219) (83,219) (83,218) (82,217) (81,216) (80,217) (79,217) 
cluster31edge:(80,91) (81,92) (82,92) (83,92) (84,92) (85,91) (84,90) (83,90) (82,89) (81,90) 
cluster32edge:(86,98) (87,98) (88,98) (89,99) (90,98) (89,97) (88,97) (87,96) (87,97) 
cluster33edge:(87,107) (88,108) (88,109) (87,110) (87,111) (88,111) (89,112) (90,113) (89,114) (88,114) (89,115) (90,116) (91,116) (92,117) (93,117) (94,116) (95,116) (96,115) (96,114) (96,113) (96,112) (95,111) (95,110) (94,109) (93,108) (93,107) (92,106) (91,107) (90,106) (89,107) (88,106) 
cluster34edge:(88,144) (89,145) (88,146) (89,146) (90,147) (89,148) (90,149) (91,150) (91,151) (92,152) (91,153) (90,154) (89,155) (88,156) (88,157) (88,158) (89,159) (88,160) (89,161) (89,162) (90,163) (91,163) (92,164) (92,165) (93,165) (94,165) (95,165) (96,166) (95,167) (94,167) (93,167) (92,167) (93,168) (93,169) (93,170) (94,170) (95,171) (96,171) (97,171) (98,171) (99,170) (100,170) (99,169) (98,168) (99,167) (100,167) (99,166) (100,165) (101,164) (102,164) (103,164) (104,164) (105,164) (104,163) (103,163) (102,163) (101,163) (100,163) (99,163) (98,162) (99,161) (100,161) (101,161) (102,161) (103,161) (104,160) (103,160) (102,160) (101,159) (100,158) (100,157) (99,156) (98,156) (97,155) (96,155) (95,154) (94,154) (93,153) (93,152) (94,151) (95,150) (96,149) (97,148) (98,147) (98,146) (99,145) (98,144) (99,143) (98,142) (97,141) (96,140) (96,139) (95,140) (94,139) (93,139) (92,139) (91,139) (92,140) (93,141) (92,142) (91,142) (90,142) (89,143) 
cluster35edge:(91,181) (91,182) (92,182) (93,182) (94,181) (93,181) (92,181) 
cluster36edge:(91,184) (92,185) (92,186) (93,185) (92,184) 
cluster37edge:(95,173) (95,174) (96,175) (97,176) (98,175) (99,175) (100,175) (100,174) (99,173) (98,173) (97,173) (96,173) 
cluster38edge:(98,181) (99,181) 
cluster39edge:(102,183) (103,183) 
cluster40edge:(102,185) (103,185) 
cluster41edge:(105,65) (105,66) (105,67) (105,68) (105,69) (106,70) (106,71) (107,72) (108,73) (109,73) (110,74) (111,74) (112,73) (113,73) (113,72) (112,71) (113,70) (114,70) (115,70) (116,70) (117,70) (118,70) (118,69) (118,68) (118,67) (117,66) (117,65) (116,64) (115,63) (114,64) (113,63) (112,62) (111,62) (110,62) (109,61) (108,61) (107,62) (106,63) (106,64) 
cluster42edge:(113,78) (114,79) (114,80) (114,81) (115,82) (116,82) (117,83) (118,83) (119,83) (120,83) (121,83) (122,83) (123,82) (124,82) (125,82) (125,81) (126,80) (127,79) (128,78) (128,77) (128,76) (127,75) (128,74) (127,73) (126,73) (125,73) (124,73) (123,73) (122,73) (121,73) (120,73) (119,73) (120,74) (121,75) (120,76) (119,76) (118,76) (117,76) (116,77) (115,77) (114,77) 
cluster43edge:(115,214) (116,214) 
cluster44edge:(119,296) (120,296) 
cluster45edge:(128,203) (129,204) (130,205) (131,206) (132,205) (133,204) (134,203) (135,202) (136,203) (137,202) (138,201) (137,200) (136,199) (135,198) (134,199) (133,200) (132,200) (131,201) (130,202) (129,202) 
cluster46edge:(129,243) (130,243) (130,242) 
cluster47edge:(134,270) (134,271) (135,272) (136,272) (137,273) (138,274) (139,274) (140,275) (141,275) (142,275) (143,275) (144,275) (145,274) (146,274) (147,273) (146,272) (147,271) (146,270) (145,269) (144,269) (143,269) (142,269) (141,269) (140,269) (139,269) (138,268) (137,268) (136,269) (135,269) 
cluster48edge:(154,84) (155,84) 
cluster49edge:(154,87) (155,87) 
cluster50edge:(159,87) (160,88) (160,89) (161,88) (160,87) 
cluster51edge:(168,75) (169,76) (170,77) (171,77) (172,77) (173,77) (172,76) (172,75) (173,74) (173,73) (172,73) (171,73) (170,73) (170,74) (169,75) 
cluster52edge:(171,209) (171,210) (171,211) (171,212) (171,213) (172,213) (173,213) (174,213) (175,213) (176,212) (177,212) (176,211) (175,211) (174,210) (173,209) (172,208) 
cluster53edge:(174,216) (175,217) (176,216) (175,216) 
cluster54edge:(181,238) (182,238) 
cluster55edge:(191,57) (192,58) (193,58) (194,58) (195,59) (196,58) (197,57) (198,57) (199,57) (199,56) (200,55) (201,54) (201,53) (201,52) (200,51) (200,50) (199,49) (198,50) (197,51) (196,52) (195,52) (194,53) (195,54) (194,55) (194,56) (193,57) (192,57) 
cluster56edge:(213,9) (213,10) (214,11) (214,12) (215,13) (216,14) (217,15) (218,15) (219,16) (220,16) (221,17) (222,17) (223,17) (224,17) (225,17) (225,16) (226,15) (227,14) (226,13) (227,12) (228,12) (229,11) (228,11) (227,10) (228,9) (229,9) (230,9) (229,8) (230,7) (230,6) (229,5) (228,4) (227,4) (226,4) (225,4) (224,5) (223,5) (222,5) (221,5) (220,5) (219,6) (218,6) (217,6) (216,6) (215,6) (214,6) (214,7) (214,8) 
cluster57edge:(215,260) (215,261) (216,262) (216,263) (217,264) (218,264) (219,264) (220,263) (221,262) (222,262) (221,261) (221,260) (220,259) (219,259) (218,259) (217,259) (216,259) 
cluster58edge:(226,241) (227,242) (226,243) (226,244) (227,245) (228,244) (229,245) (230,245) (229,244) (230,243) (231,243) (232,242) (233,242) (234,242) (233,241) (232,241) (231,241) (230,240) (230,239) (229,240) (228,241) (227,240) 
cluster59edge:(228,36) (229,37) (230,36) (229,36) 
cluster60edge:(229,22) (230,23) (231,23) (232,23) (233,24) (232,25) (231,25) (231,26) (232,27) (232,28) (233,27) (234,28) (235,29) (236,30) (237,29) (238,30) (239,30) (240,30) (241,29) (242,30) (243,29) (242,28) (243,27) (242,26) (241,25) (242,24) (241,23) (242,22) (241,21) (241,20) (242,19) (242,18) (242,17) (241,16) (242,15) (241,14) (241,13) (241,12) (240,11) (239,10) (238,9) (237,10) (236,11) (235,11) (234,11) (235,12) (236,13) (235,14) (234,14) (233,15) (234,15) (235,16) (234,17) (234,18) (233,19) (232,19) (232,20) (233,20) (234,21) (233,22) (232,22) (231,22) (230,22) 
cluster61edge:(229,110) (229,111) (229,112) (230,113) (231,114) (232,114) (233,114) (234,113) (235,112) (235,111) (235,110) (234,111) (233,110) (232,109) (231,109) (230,109) 
cluster62edge:(229,170) (230,171) (229,172) (230,173) (230,174) (230,175) (231,176) (231,177) (231,178) (231,179) (231,180) (231,181) (231,182) (232,183) (233,184) (234,184) (235,184) (236,185) (237,184) (238,183) (237,183) (236,182) (236,181) (235,180) (236,179) (237,179) (236,178) (237,177) (237,176) (237,175) (238,174) (239,174) (239,173) (240,172) (239,171) (239,170) (238,170) (237,169) (236,169) (237,170) (237,171) (238,172) (238,173) (237,174) (236,174) (235,175) (234,174) (234,173) (233,172) (232,171) (232,170) (233,169) (232,169) (231,169) (230,169) 
cluster63edge:(229,258) (230,259) (231,259) (232,259) (233,258) (233,257) (233,256) (232,256) (231,256) (232,257) (231,258) (230,258) 
cluster64edge:(230,33) (231,33) 
cluster65edge:(232,249) (233,250) (233,251) (234,252) (235,251) (236,251) (237,251) (238,251) (239,251) (240,252) (241,251) (242,251) (243,251) (244,250) (245,249) (246,248) (245,247) (245,246) (244,245) (243,246) (242,245) (241,244) (241,243) (240,244) (239,243) (239,244) (238,245) (237,246) (236,247) (235,246) (234,246) (234,247) (233,248) 
cluster66edge:(233,68) (234,69) (235,68) (236,69) (237,68) (238,67) (237,66) (238,65) (237,64) (238,63) (239,63) (240,63) (241,63) (242,62) (243,62) (244,61) (243,60) (243,59) (242,58) (241,58) (240,58) (239,57) (238,57) (237,58) (236,58) (235,59) (235,60) (234,61) (235,62) (234,63) (235,64) (236,65) (235,66) (234,67) 
cluster67edge:(235,137) (235,138) 
cluster68edge:(241,290) (241,291) (241,292) (242,293) (242,294) (243,295) (242,296) (243,297) (244,298) (244,299) (245,0) (246,1) (247,2) (248,2) (249,3) (250,4) (251,5) (251,6) (252,7) (253,7) (254,8) (255,8) (256,8) (257,8) (258,8) (258,7) (259,6) (258,5) (257,4) (258,3) (259,3) (260,2) (261,2) (261,1) (260,0) (260,299) (260,298) (261,297) (262,296) (262,295) (262,294) (261,293) (260,293) (259,293) (258,292) (257,293) (256,292) (255,292) (254,292) (253,291) (252,292) (251,291) (250,291) (249,291) (248,291) (247,291) (246,291) (245,291) (244,290) (243,290) (242,290) 
cluster69edge:(244,36) (244,37) 
cluster70edge:(246,284) (247,284) 
cluster71edge:(253,43) (253,44) (254,43) 
cluster72edge:(253,183) (253,184) (253,185) (254,186) (253,187) (254,188) (255,189) (256,189) (257,189) (258,189) (258,188) (258,187) (259,186) (260,186) (261,185) (262,185) (261,184) (262,183) (263,183) (264,183) (263,182) (262,181) (262,180) (261,180) (260,180) (259,180) (258,180) (257,180) (256,180) (255,181) (254,182) 
cluster73edge:(258,67) (259,67) 
cluster74edge:(260,248) (260,249) (261,250) (261,251) (261,252) (262,253) (263,254) (264,255) (263,256) (264,257) (263,258) (264,259) (264,260) (264,261) (264,262) (264,263) (265,264) (266,265) (267,266) (268,267) (269,266) (270,265) (271,266) (272,265) (273,264) (273,263) (274,262) (273,261) (274,260) (275,260) (274,259) (275,258) (276,258) (275,257) (274,256) (274,255) (273,254) (273,253) (272,253) (271,252) (270,252) (269,252) (268,251) (267,250) (267,249) (266,249) (265,248) (266,247) (265,247) (264,247) (263,246) (262,245) (261,246) (261,247) 
cluster75edge:(263,31) (264,31) (265,30) (266,30) (267,31) (268,31) (269,31) (270,31) (271,31) (272,31) (273,32) (274,32) (275,32) (276,32) (276,31) (275,30) (274,29) (274,28) (273,27) (272,26) (271,26) (270,25) (269,25) (268,26) (267,25) (266,26) (265,27) (264,27) (264,28) (264,29) (264,30) 
cluster76edge:(264,10) (265,11) (266,12) (267,12) (268,13) (269,13) (270,13) (271,12) (272,11) (273,10) (272,9) (272,8) (273,7) (272,6) (271,5) (270,4) (269,5) (268,4) (267,3) (267,2) (266,3) (267,4) (266,5) (265,5) (266,6) (265,7) (265,8) (265,9) 
cluster77edge:(264,190) (265,191) (266,192) (267,191) (268,192) (268,191) (269,190) (269,189) (269,188) (268,187) (267,188) (266,188) (265,188) (265,189) 
cluster78edge:(264,245) (265,245) 
cluster79edge:(265,238) (266,239) (267,240) (267,241) (266,242) (267,242) (268,242) (269,242) (270,242) (271,243) (270,244) (269,245) (270,245) (271,245) (272,245) (273,246) (273,247) (274,247) (275,248) (276,247) (276,246) (276,245) (275,244) (275,243) (274,242) (274,241) (273,240) (272,239) (271,238) (270,237) (269,237) (268,237) (267,237) (266,237) 
cluster80edge:(272,39) (272,40) (272,41) (272,42) (272,43) (273,44) (274,45) (275,45) (276,46) (277,45) (278,46) (279,47) (280,48) (281,48) (282,48) (283,47) (283,46) (284,45) (283,44) (283,43) (282,43) (281,43) (280,43) (279,43) (278,42) (277,41) (276,41) (275,41) (274,41) (273,40) (274,39) (273,39) 
cluster81edge:(279,257) (280,257) 
cluster82edge:(293,3) (294,4) (295,4) (295,3) (294,3) 
cluster83edge:(293,49) (294,50) (295,51) (296,52) (297,51) (296,50) (295,49) (294,48) 
