cluster1edge:(12,81) (13,82) (14,83) (13,84) (13,85) (14,86) (15,85) (16,86) (17,85) (17,84) (17,83) (16,82) (15,81) (14,81) (13,81) 
cluster2edge:(24,224) (24,225) 
cluster3edge:(29,118) (30,118) 
cluster4edge:(36,221) (36,222) (36,223) (37,224) (38,225) (39,225) (40,225) (41,225) (42,225) (43,224) (44,224) (45,224) (46,224) (47,224) (48,223) (49,223) (49,222) (48,222) (47,222) (46,222) (45,222) (44,222) (43,222) (42,221) (43,220) (44,220) (45,220) (46,220) (47,220) (48,219) (47,219) (46,219) (45,219) (44,219) (43,219) (42,219) (41,219) (40,219) (39,219) (38,219) (37,220) 
cluster5edge:(37,119) (37,120) (38,121) (39,120) (38,119) 
cluster6edge:(38,187) (39,188) (40,189) (41,188) (41,187) (40,187) (39,187) 
cluster7edge:(38,227) (39,227) 
cluster8edge:(39,195) (39,196) (39,197) (39,198) (40,199) (40,200) (41,201) (42,201) (43,201) (44,202) (45,201) (46,202) (47,201) (46,201) (45,200) (46,199) (45,199) (44,198) (45,197) (46,197) (47,197) (48,197) (49,197) (50,197) (51,198) (50,199) (51,199) (52,200) (51,201) (52,201) (53,202) (54,203) (53,204) (52,204) (53,205) (54,205) (55,206) (56,207) (57,208) (58,208) (59,209) (60,209) (61,209) (62,209) (62,208) (61,208) (60,208) (59,207) (60,206) (61,206) (62,205) (61,205) (60,204) (61,203) (62,203) (63,203) (64,203) (65,203) (66,203) (67,203) (66,202) (66,201) (67,200) (67,199) (66,198) (65,198) (64,197) (63,196) (62,195) (61,194) (60,193) (59,192) (58,192) (57,191) (56,190) (55,190) (54,190) (53,190) (52,190) (51,191) (50,190) (50,191) (49,192) (48,193) (47,193) (46,193) (45,192) (44,192) (43,191) (43,192) (42,193) (41,193) (40,194) 
cluster9edge:(42,189) (42,190) 
cluster10edge:(54,169) (54,170) (54,171) (55,172) (55,171) (56,170) (57,170) (58,169) (59,168) (58,168) (57,167) (58,166) (59,166) (60,166) (61,166) (62,166) (63,166) (63,165) (62,164) (61,163) (60,163) (59,164) (58,164) (57,165) (56,166) (55,167) (55,168) 
cluster11edge:(58,32) (59,33) (59,34) (60,35) (61,36) (62,35) (63,34) (64,33) (63,32) (62,31) (61,31) (60,31) (59,32) 
cluster12edge:(61,71) (61,72) (61,73) (62,73) (63,73) (64,73) (65,73) (66,73) (65,72) (66,71) (65,71) (64,72) (63,71) (62,70) 
cluster13edge:(61,176) (62,177) (63,178) (64,179) (65,179) (66,179) (67,179) (68,179) (69,179) (70,179) (71,180) (72,180) (73,181) (74,181) (75,182) (76,182) (77,181) (77,180) (76,180) (75,180) (74,179) (75,178) (76,178) (77,178) (77,177) (76,177) (75,176) (74,175) (73,174) (72,173) (71,173) (70,172) (69,171) (68,172) (67,172) (66,172) (65,173) (64,174) (63,174) (62,175) 
cluster14edge:(67,205) (68,205) 
cluster15edge:(67,210) (68,210) 
cluster16edge:(75,55) (76,56) (76,57) (77,58) (78,59) (79,60) (80,59) (81,60) (81,59) (80,58) (81,57) (82,56) (83,56) (82,55) (83,54) (82,54) (81,53) (80,54) (79,54) (78,54) (77,55) (76,54) 
cluster17edge:(81,129) (82,130) (81,131) (82,132) (81,133) (82,133) (83,133) (84,133) (85,133) (86,133) (87,133) (88,133) (89,133) (90,133) (89,132) (89,131) (90,130) (89,129) (88,128) (87,129) (86,128) (85,127) (84,126) (83,127) (82,128) 
cluster18edge:(83,241) (84,242) (85,242) (86,242) (87,242) (86,241) (87,240) (86,240) (85,240) (84,240) 
cluster19edge:(84,13) (85,14) (86,13) (86,12) (85,13) 
cluster20edge:(84,61) (85,61) 
cluster21edge:(84,247) (85,247) 
cluster22edge:(85,135) (86,135) 
cluster23edge:(90,65) (91,66) (92,67) (93,67) (94,68) (94,67) (94,66) (95,65) (94,64) (93,63) (92,64) (91,65) 
cluster24edge:(90,222) (91,223) (92,224) (93,224) (94,224) (95,224) (96,224) (97,223) (98,223) (99,223) (98,222) (99,221) (100,221) (101,220) (100,220) (99,220) (98,220) (97,219) (96,220) (95,219) (94,219) (93,219) (92,220) (91,221) 
cluster25edge:(95,17) (96,18) (96,19) (97,19) (98,19) (99,20) (100,19) (101,20) (102,19) (103,18) (104,18) (103,17) (104,16) (103,16) (102,16) (101,16) (100,16) (99,15) (100,14) (101,14) (101,13) (100,13) (99,12) (98,12) (98,13) (97,14) (98,15) (97,16) (96,16) 
cluster26edge:(100,10) (101,10) 
cluster27edge:(103,294) (104,295) (105,294) (105,293) (104,294) 
cluster28edge:(111,16) (112,16) 
cluster29edge:(121,23) (122,23) 
cluster30edge:(122,136) (123,136) (124,135) (125,135) (124,134) (123,135) 
cluster31edge:(125,186) (126,186) (127,186) (126,185) 
cluster32edge:(128,151) (129,152) (128,153) (129,153) (130,154) (131,155) (130,156) (131,157) (132,158) (133,159) (134,159) (135,159) (136,160) (137,160) (138,160) (139,160) (140,160) (141,161) (142,161) (143,162) (144,162) (145,161) (144,161) (143,161) (142,160) (143,159) (143,158) (144,157) (143,157) (142,157) (141,156) (142,155) (141,155) (140,154) (140,153) (139,153) (138,153) (137,153) (136,153) (135,152) (134,152) (133,151) (132,151) (131,151) (130,152) (129,151) 
cluster33edge:(128,187) (129,187) 
cluster34edge:(134,71) (135,71) 
cluster35edge:(138,0) (138,1) (139,2) (139,3) (140,4) (141,5) (142,6) (143,6) (144,7) (145,8) (146,8) (147,9) (148,10) (149,9) (150,9) (151,9) (152,8) (153,8) (154,8) (155,9) (154,10) (155,10) (156,11) (155,12) (156,12) (157,13) (156,14) (157,15) (158,16) (159,15) (160,16) (161,15) (162,15) (163,15) (164,16) (165,15) (166,16) (167,15) (168,16) (169,17) (170,17) (171,18) (172,18) (173,17) (172,16) (173,15) (172,14) (173,13) (172,12) (173,11) (172,10) (171,11) (170,10) (169,9) (168,9) (167,8) (166,7) (166,6) (165,5) (164,4) (163,3) (162,2) (161,1) (160,2) (159,1) (158,0) (157,1) (157,2) (157,3) (156,4) (155,4) (156,5) (156,6) (155,7) (154,7) (153,7) (152,7) (151,7) (150,7) (149,6) (149,5) (150,4) (151,4) (150,3) (150,2) (151,1) (150,0) (150,299) (149,299) (148,298) (147,297) (146,297) (145,296) (144,296) (143,296) (142,296) (141,296) (140,297) (139,297) (139,298) (138,299) 
cluster36edge:(146,170) (146,171) (147,172) (148,171) (148,170) (149,169) (148,168) (148,167) (147,168) (147,169) 
cluster37edge:(152,176) (152,177) (153,177) (154,177) (154,176) (153,176) 
cluster38edge:(153,279) (153,280) (154,279) (155,279) (156,279) (157,278) (156,277) (155,278) (154,278) 
cluster39edge:(155,244) (156,245) (157,245) (158,245) (159,245) (160,245) (161,246) (160,247) (159,247) (160,248) (159,249) (160,250) (159,251) (160,251) (161,251) (162,252) (162,253) (163,253) (164,254) (165,255) (166,254) (167,255) (168,254) (169,255) (170,254) (170,253) (169,252) (169,251) (168,250) (167,249) (166,248) (166,247) (165,247) (164,246) (163,245) (162,244) (161,244) (160,243) (159,243) (158,243) (157,243) (156,243) 
cluster40edge:(158,288) (159,288) 
cluster41edge:(159,176) (160,176) 
cluster42edge:(159,290) (159,291) (159,292) (160,292) (161,292) (161,291) (160,290) 
cluster43edge:(169,29) (169,30) (169,31) (169,32) (170,32) (171,32) (170,31) (171,30) (172,30) (173,30) (172,29) (171,29) (170,28) 
cluster44edge:(171,27) (172,27) (173,26) (172,26) 
cluster45edge:(173,8) (173,9) 
cluster46edge:(175,190) (176,191) (175,192) (176,193) (177,194) (176,195) (177,196) (177,197) (176,198) (176,199) (176,200) (176,201) (176,202) (177,203) (176,204) (177,205) (177,206) (178,207) (178,208) (179,208) (180,209) (181,209) (182,209) (183,210) (183,209) (184,208) (183,208) (182,208) (181,208) (180,207) (181,206) (182,205) (183,205) (184,205) (183,204) (183,203) (184,202) (185,202) (184,201) (185,200) (184,200) (183,200) (182,199) (182,198) (181,198) (180,197) (181,196) (182,196) (181,195) (180,195) (179,195) (178,194) (179,193) (180,193) (180,192) (179,191) (178,191) (177,191) (176,190) 
cluster47edge:(181,189) (182,189) 
cluster48edge:(184,129) (184,130) (185,129) 
cluster49edge:(192,210) (193,211) (194,212) (195,213) (195,214) (196,213) (197,212) (196,212) (195,211) (195,210) (196,209) (195,209) (194,210) (193,209) 
cluster50edge:(197,214) (197,215) (198,216) (199,216) (200,216) (201,216) (202,215) (201,215) (200,215) (199,214) (198,214) 
cluster51edge:(207,11) (207,12) (207,13) (207,14) (207,15) (208,15) (209,15) (210,15) (211,15) (212,15) (213,15) (214,14) (215,13) (216,13) (217,13) (218,12) (219,12) (218,11) (219,10) (219,9) (218,8) (217,7) (217,6) (216,5) (215,4) (214,5) (213,5) (212,5) (211,6) (210,7) (210,8) (209,9) (208,10) 
cluster52edge:(210,23) (211,24) (210,25) (211,26) (211,27) (212,28) (213,28) (214,29) (215,28) (216,28) (217,28) (218,28) (219,27) (220,26) (221,27) (222,26) (223,25) (224,24) (224,23) (225,22) (224,21) (223,20) (224,19) (223,19) (222,19) (221,19) (220,18) (219,18) (218,18) (217,18) (218,19) (217,20) (216,20) (215,20) (216,21) (215,22) (214,22) (213,22) (212,22) (211,22) 
cluster53edge:(210,211) (211,212) (211,213) (212,214) (211,215) (212,216) (213,215) (214,215) (214,214) (215,213) (215,212) (214,212) (213,211) (212,212) (211,211) 
cluster54edge:(212,20) (213,20) 
cluster55edge:(213,3) (214,3) 
cluster56edge:(224,77) (225,78) (224,79) (224,80) (225,81) (226,81) (227,82) (228,82) (229,83) (230,83) (231,83) (232,83) (233,82) (233,81) (233,80) (232,79) (231,78) (231,77) (230,76) (229,76) (228,76) (227,76) (226,76) (225,76) 
cluster57edge:(228,90) (229,91) (228,92) (229,92) (230,93) (231,94) (232,95) (233,96) (234,95) (235,94) (235,93) (235,92) (234,92) (233,92) (232,91) (232,90) (233,89) (232,89) (231,88) (231,87) (230,87) (229,87) (230,88) (229,89) 
cluster58edge:(241,160) (242,161) (241,162) (242,163) (243,164) (242,165) (243,166) (244,167) (245,168) (246,169) (247,170) (248,170) (249,169) (250,170) (251,169) (250,168) (251,167) (252,167) (253,166) (252,165) (253,164) (254,164) (253,163) (254,162) (253,161) (253,160) (252,160) (251,160) (250,159) (251,158) (252,158) (253,158) (252,157) (251,156) (252,155) (251,155) (250,154) (251,153) (252,153) (253,153) (254,152) (253,152) (252,152) (251,151) (250,151) (249,151) (248,151) (247,152) (246,153) (246,154) (245,155) (244,156) (243,157) (242,157) (243,158) (242,159) 
cluster59edge:(248,230) (248,231) (248,232) (248,233) (248,234) (249,235) (250,236) (251,236) (252,236) (253,235) (254,235) (255,235) (254,234) (255,233) (256,233) (255,232) (254,231) (253,230) (252,230) (251,229) (250,228) (249,229) 
cluster60edge:(255,170) (255,171) (256,170) 
cluster61edge:(255,241) (256,242) (257,243) (258,243) (259,244) (260,244) (261,243) (262,242) (262,241) (261,241) (260,241) (259,241) (258,241) (257,241) (256,241) 
cluster62edge:(258,165) (259,166) (260,167) (261,166) (261,165) (261,164) (261,163) (260,162) (260,163) (259,164) 
cluster63edge:(258,239) (259,239) (260,239) (259,238) 
