cluster1edge:(2,145) (2,146) (3,146) 
cluster2edge:(2,278) (3,279) (4,280) (5,279) (6,280) (7,279) (6,278) (5,277) (6,276) (5,276) (4,276) (3,277) 
cluster3edge:(3,149) (4,149) 
cluster4edge:(4,41) (4,42) (4,43) (5,44) (6,45) (7,46) (8,45) (9,46) (10,47) (11,46) (12,46) (13,46) (14,46) (15,46) (14,45) (13,45) (12,44) (11,44) (10,43) (10,42) (10,41) (11,40) (10,40) (9,40) (8,40) (7,41) (6,41) (5,42) 
cluster5edge:(9,152) (10,152) 
cluster6edge:(31,202) (32,202) 
cluster7edge:(31,204) (32,204) 
cluster8edge:(33,233) (34,234) (34,235) (34,236) (34,237) (35,238) (36,239) (37,240) (38,241) (39,242) (40,241) (41,242) (42,241) (43,241) (44,240) (44,239) (44,238) (45,237) (46,237) (46,236) (47,235) (48,235) (49,235) (50,235) (49,234) (50,233) (51,232) (51,231) (50,230) (49,230) (48,230) (47,230) (46,230) (45,229) (44,230) (43,230) (42,229) (41,230) (40,229) (39,228) (38,229) (37,230) (36,229) (35,230) (35,231) (34,232) 
cluster9edge:(37,102) (38,102) 
cluster10edge:(40,116) (41,117) (40,118) (41,118) (42,118) (43,117) (42,117) (41,116) 
cluster11edge:(41,275) (41,276) (42,277) (43,277) (42,276) 
cluster12edge:(43,129) (43,130) (43,131) (43,132) (44,132) (45,133) (45,134) (46,135) (47,136) (48,136) (49,136) (50,135) (49,134) (50,133) (49,132) (49,131) (48,130) (47,130) (46,129) (45,130) (44,129) 
cluster13edge:(43,279) (44,279) 
cluster14edge:(46,104) (46,105) (46,106) (47,107) (48,108) (49,109) (50,110) (51,111) (52,110) (53,111) (54,110) (55,111) (55,112) (56,113) (55,114) (56,115) (55,116) (56,116) (57,116) (58,116) (59,116) (60,116) (61,115) (61,114) (61,113) (62,112) (61,111) (62,110) (63,109) (63,108) (64,107) (65,106) (66,105) (66,104) (67,103) (68,102) (67,101) (68,100) (69,100) (70,99) (71,99) (70,98) (70,97) (69,96) (70,95) (69,94) (69,93) (68,93) (67,93) (66,93) (65,92) (66,91) (65,91) (64,91) (63,91) (62,90) (61,90) (60,91) (59,90) (58,90) (57,90) (56,89) (55,90) (54,89) (53,90) (53,91) (52,92) (53,93) (54,94) (53,95) (54,96) (54,97) (54,98) (53,99) (53,100) (52,101) (51,102) (50,101) (49,102) (48,103) (47,103) 
cluster15edge:(48,256) (49,257) (50,258) (50,257) (51,256) (51,255) (50,256) (49,255) 
cluster16edge:(49,266) (50,266) (51,266) (50,265) 
cluster17edge:(51,89) (52,89) 
cluster18edge:(51,237) (52,237) 
cluster19edge:(52,257) (52,258) 
cluster20edge:(54,137) (55,137) 
cluster21edge:(63,173) (64,174) (65,175) (66,176) (67,176) (68,176) (69,175) (70,174) (69,173) (68,172) (67,172) (66,172) (65,172) (64,172) 
cluster22edge:(64,117) (64,118) (64,119) (65,119) (66,119) (67,118) (66,117) (65,117) 
cluster23edge:(64,225) (64,226) (65,227) (66,227) (67,228) (68,228) (69,228) (70,228) (71,227) (72,226) (71,225) (70,224) (71,223) (70,223) (69,223) (68,222) (67,222) (66,221) (65,222) (65,223) (65,224) 
cluster24edge:(66,88) (67,88) 
cluster25edge:(71,82) (72,83) (71,84) (72,85) (71,86) (72,87) (72,88) (73,89) (74,88) (75,89) (76,90) (77,90) (78,90) (79,89) (80,89) (81,89) (82,90) (83,90) (84,89) (85,89) (86,89) (87,90) (88,89) (89,89) (90,89) (90,88) (90,87) (90,86) (89,86) (88,85) (87,85) (86,85) (85,85) (84,84) (83,83) (82,82) (81,81) (80,82) (79,81) (78,80) (77,81) (76,80) (75,81) (74,82) (73,81) (72,82) 
cluster26edge:(71,117) (72,118) (73,119) (73,120) (74,121) (75,122) (76,122) (77,122) (78,122) (79,122) (80,123) (80,124) (79,125) (78,126) (77,126) (78,127) (78,128) (79,128) (80,128) (81,128) (82,128) (83,127) (84,127) (85,126) (86,125) (86,124) (86,123) (87,122) (86,121) (85,120) (86,119) (85,118) (85,117) (84,116) (84,115) (83,114) (82,113) (81,112) (81,111) (81,110) (81,109) (81,108) (82,107) (81,106) (80,105) (79,106) (78,105) (77,106) (78,107) (77,108) (76,109) (76,110) (76,111) (75,112) (76,112) (77,113) (76,114) (75,114) (74,114) (74,115) (75,115) (76,116) (75,117) (74,117) (73,117) (72,117) 
cluster27edge:(76,174) (76,175) 
cluster28edge:(84,99) (84,100) 
cluster29edge:(85,101) (85,102) 
cluster30edge:(86,97) (86,98) (86,99) (86,100) (87,101) (87,102) (88,101) (89,102) (89,101) (90,100) (90,99) (89,98) (88,97) (87,97) 
cluster31edge:(94,173) (95,173) (96,172) (97,173) (98,174) (99,173) (98,172) (97,171) (96,171) (95,172) 
cluster32edge:(99,46) (99,47) (99,48) (99,49) (99,50) (99,51) (100,52) (101,53) (102,54) (103,54) (104,55) (105,55) (106,55) (107,54) (108,53) (109,53) (110,53) (111,54) (112,54) (113,55) (112,56) (111,56) (112,57) (113,58) (114,59) (115,59) (116,60) (117,60) (118,60) (119,59) (120,59) (121,58) (121,57) (122,56) (121,55) (122,54) (121,53) (121,52) (120,51) (120,50) (119,49) (118,48) (117,49) (116,48) (115,48) (114,48) (114,49) (113,50) (112,50) (112,51) (111,52) (110,52) (109,52) (108,51) (108,50) (107,49) (107,48) (108,47) (109,46) (108,46) (107,45) (106,44) (105,44) (104,44) (103,44) (102,44) (101,45) (100,45) 
cluster33edge:(115,32) (116,32) 
cluster34edge:(115,155) (116,156) (115,157) (116,158) (117,159) (116,160) (117,161) (118,162) (119,161) (120,162) (121,161) (122,162) (123,161) (124,161) (125,161) (125,160) (125,159) (125,158) (125,157) (125,156) (124,155) (123,154) (122,154) (121,153) (120,153) (119,153) (118,153) (117,153) (116,154) 
cluster35edge:(121,243) (122,243) 
cluster36edge:(122,36) (122,37) (122,38) (123,39) (124,40) (125,40) (126,39) (127,38) (126,37) (126,36) (127,35) (126,35) (125,35) (124,36) (123,36) 
cluster37edge:(128,164) (129,165) (129,166) (130,167) (131,168) (132,169) (132,170) (133,171) (134,170) (134,169) (135,168) (136,167) (136,166) (137,165) (136,164) (136,163) (135,162) (134,161) (133,160) (132,160) (131,159) (130,158) (129,159) (129,160) (129,161) (130,162) (131,163) (130,164) (129,164) 
cluster38edge:(132,85) (133,85) 
cluster39edge:(142,243) (142,244) (143,244) (144,244) (145,244) (144,243) (143,243) 
cluster40edge:(144,129) (144,130) (145,129) 
cluster41edge:(153,128) (154,129) (155,129) (156,129) (157,129) (158,128) (159,128) (159,127) (158,127) (157,126) (156,127) (155,127) (154,127) 
cluster42edge:(154,131) (155,131) 
cluster43edge:(155,133) (156,133) 
cluster44edge:(156,137) (157,137) 
cluster45edge:(169,53) (169,54) (170,55) (171,56) (172,55) (173,56) (173,55) (173,54) (172,53) (172,52) (171,53) (170,52) 
cluster46edge:(180,18) (181,19) (182,20) (182,21) (183,22) (183,23) (184,23) (185,23) (186,23) (185,22) (184,21) (184,20) (184,19) (183,18) (182,18) (181,18) 
cluster47edge:(182,15) (183,15) (184,15) (185,15) (185,14) (184,13) (183,14) 
cluster48edge:(183,25) (184,26) (184,27) (185,28) (186,29) (186,30) (187,31) (188,30) (189,29) (190,28) (190,27) (189,27) (188,26) (189,25) (188,25) (187,25) (186,25) (185,25) (184,25) 
cluster49edge:(183,125) (184,126) (183,127) (184,128) (185,128) (186,128) (187,128) (188,128) (189,129) (188,130) (189,131) (190,130) (191,129) (192,128) (193,128) (194,127) (193,127) (192,126) (191,126) (190,126) (189,126) (188,126) (187,126) (186,126) (185,125) (184,125) 
cluster50edge:(190,33) (191,34) (191,35) (192,36) (193,37) (192,38) (193,39) (194,40) (195,40) (196,41) (197,41) (198,41) (199,41) (200,41) (199,40) (198,39) (197,38) (196,38) (195,37) (196,36) (195,35) (195,34) (194,33) (193,33) (192,32) (191,32) 
cluster51edge:(199,29) (200,29) 
cluster52edge:(206,38) (207,38) 
cluster53edge:(206,169) (206,170) (206,171) (207,171) (208,171) (209,171) (210,170) (211,170) (212,170) (213,170) (214,169) (214,168) (214,167) (213,166) (212,166) (211,167) (210,167) (209,167) (208,167) (207,168) 
cluster54edge:(208,216) (208,217) (208,218) (208,219) (208,220) (208,221) (209,222) (209,223) (210,224) (209,225) (210,225) (211,225) (212,225) (213,225) (214,225) (215,225) (216,226) (215,227) (216,228) (217,228) (218,227) (219,227) (220,227) (219,226) (220,225) (220,224) (219,224) (218,223) (217,222) (218,221) (219,220) (220,220) (221,220) (222,220) (223,220) (224,219) (223,218) (224,217) (223,217) (222,218) (221,218) (220,218) (219,218) (218,218) (217,218) (216,218) (215,218) (214,218) (213,218) (212,218) (211,217) (210,217) (209,217) 
cluster55edge:(211,208) (211,209) (211,210) (212,211) (213,212) (214,212) (215,212) (216,212) (217,212) (218,212) (219,212) (220,212) (221,212) (220,211) (221,210) (222,210) (223,209) (224,209) (223,208) (222,207) (221,208) (220,207) (219,206) (218,207) (217,206) (216,206) (215,206) (214,206) (213,206) (212,206) (212,207) 
cluster56edge:(211,215) (212,215) 
cluster57edge:(214,284) (215,285) (214,286) (214,287) (215,288) (215,289) (216,290) (216,291) (217,290) (218,291) (219,290) (220,289) (219,289) (218,288) (219,287) (220,286) (221,286) (222,285) (223,286) (223,287) (224,287) (225,288) (224,289) (225,289) (226,288) (227,289) (228,288) (228,287) (229,286) (228,285) (229,284) (228,283) (228,282) (228,281) (227,281) (226,280) (226,279) (225,279) (224,278) (223,278) (222,278) (221,278) (220,278) (219,279) (219,280) (220,280) (221,280) (222,281) (222,282) (222,283) (222,284) (221,285) (220,285) (219,285) (218,284) (217,284) (216,284) (215,283) 
cluster58edge:(219,238) (219,239) (220,238) (220,237) 
cluster59edge:(226,258) (226,259) (226,260) (227,261) (228,262) (228,263) (229,263) (230,263) (231,263) (232,263) (233,264) (232,265) (231,265) (230,265) (231,266) (232,267) (233,268) (234,268) (235,269) (236,270) (237,270) (238,270) (239,271) (240,271) (241,272) (242,272) (243,272) (244,273) (245,272) (246,273) (247,273) (248,273) (249,273) (250,273) (251,273) (252,272) (253,272) (254,272) (255,271) (256,271) (257,270) (258,270) (259,269) (260,269) (261,268) (262,267) (263,266) (262,266) (261,265) (260,264) (259,264) (258,263) (257,262) (256,262) (255,262) (254,262) (253,262) (252,261) (251,261) (250,261) (249,261) (248,261) (247,261) (246,261) (245,260) (244,260) (243,260) (242,260) (241,260) (240,260) (239,260) (238,260) (237,260) (236,260) (235,259) (236,258) (235,258) (234,258) (233,258) (232,258) (231,258) (230,257) (229,257) (228,257) (227,257) 
cluster60edge:(227,133) (228,133) (229,133) (228,132) 
cluster61edge:(232,206) (232,207) (232,208) (232,209) (232,210) (233,211) (234,210) (235,210) (236,210) (237,209) (238,209) (239,209) (240,208) (241,209) (242,209) (243,208) (242,207) (241,206) (240,206) (239,205) (238,206) (237,205) (236,205) (235,205) (234,204) (233,205) 
cluster62edge:(242,78) (243,78) 
cluster63edge:(245,80) (246,80) (247,80) (246,79) 
cluster64edge:(245,294) (246,295) (247,295) (246,294) 
cluster65edge:(247,0) (248,1) (249,2) (250,1) (249,0) (248,0) 
cluster66edge:(247,82) (248,82) 
cluster67edge:(252,214) (253,214) (254,214) (255,214) (254,213) (253,213) 
cluster68edge:(262,92) (263,92) (264,93) (264,92) (265,91) (266,91) (267,91) (268,90) (268,89) (269,88) (268,88) (267,88) (266,88) (265,88) (264,88) (263,88) (263,89) (264,90) (263,91) 
cluster69edge:(266,10) (267,11) (268,10) (267,9) 
cluster70edge:(270,10) (271,10) (272,11) (273,12) (274,13) (273,14) (274,15) (275,15) (276,16) (277,17) (278,16) (279,17) (280,18) (281,17) (282,18) (283,18) (284,18) (285,19) (286,19) (287,20) (288,20) (289,20) (290,21) (291,20) (292,21) (293,20) (293,19) (294,18) (294,17) (294,16) (294,15) (293,14) (294,13) (293,12) (292,11) (291,11) (290,11) (289,11) (288,10) (287,10) (286,10) (285,10) (284,10) (283,9) (284,8) (283,8) (282,7) (281,7) (280,7) (279,7) (278,7) (277,7) (276,7) (275,7) (274,7) (273,6) (272,7) (272,8) (271,9) 
cluster71edge:(270,263) (271,264) (272,265) (273,266) (274,267) (275,268) (276,268) (277,269) (278,269) (279,268) (280,267) (281,266) (280,265) (281,264) (280,263) (279,262) (278,261) (278,260) (277,261) (276,260) (275,261) (274,261) (273,261) (272,262) (271,262) 
cluster72edge:(271,259) (272,259) 
cluster73edge:(273,96) (274,96) 
cluster74edge:(275,97) (276,97) (277,98) (278,98) (279,99) (280,100) (281,101) (282,101) (283,101) (284,100) (285,101) (285,100) (286,99) (286,98) (286,97) (286,96) (286,95) (286,94) (285,93) (284,92) (284,91) (283,92) (282,91) (281,92) (280,91) (280,92) (280,93) (281,94) (280,95) (279,95) (278,96) (277,96) (276,96) 
cluster75edge:(277,0) (278,0) 
cluster76edge:(279,247) (280,247) 
cluster77edge:(283,187) (284,188) (285,188) (286,189) (287,190) (287,191) (288,192) (289,193) (290,192) (290,191) (289,190) (290,189) (290,188) (289,187) (288,188) (287,187) (286,187) (285,187) (284,187) 
cluster78edge:(296,159) (297,160) (298,160) (297,159) 
