cluster1edge:(0,57) (299,56) (298,55) (297,54) (296,54) (295,53) (294,52) (293,52) (292,52) (291,52) (290,52) (289,51) (288,52) (287,51) (286,51) (285,51) (284,51) (283,51) (282,50) (281,49) (280,49) (279,49) (278,49) (279,50) (278,51) (277,52) (276,53) (275,53) (274,54) (273,55) (272,54) (271,53) (270,52) (271,51) (270,50) (271,49) (270,48) (271,47) (272,46) (273,45) (273,44) (274,43) (274,42) (274,41) (274,40) (274,39) (275,38) (274,37) (274,36) (273,35) (272,34) (273,33) (272,32) (271,31) (270,30) (269,29) (268,29) (267,28) (266,27) (266,28) (265,29) (264,29) (263,30) (262,30) (261,30) (260,29) (259,28) (260,27) (261,27) (260,26) (259,25) (258,25) (257,25) (256,24) (255,24) (254,25) (253,24) (252,25) (251,25) (250,26) (249,27) (248,28) (248,29) (248,30) (248,31) (248,32) (248,33) (248,34) (249,35) (249,36) (250,37) (251,38) (251,39) (252,39) (253,40) (254,39) (255,39) (256,38) (257,39) (257,38) (258,37) (259,37) (260,37) (261,38) (260,39) (261,40) (260,41) (259,42) (260,42) (261,42) (262,43) (261,44) (262,44) (263,45) (263,46) (264,47) (263,48) (264,49) (264,50) (265,51) (266,52) (267,53) (268,53) (269,54) (270,54) (271,55) (272,56) (271,57) (272,58) (273,58) (274,59) (275,58) (276,57) (277,58) (278,57) (279,56) (280,55) (281,56) (282,56) (283,57) (283,58) (283,59) (284,60) (285,61) (286,61) (287,61) (288,62) (289,62) (290,62) (291,62) (292,63) (291,64) (292,64) (293,64) (294,64) (295,65) (296,65) (297,65) (298,65) (299,64) (0,64) (1,63) (2,62) (3,62) (4,61) (3,60) (2,59) (2,58) (1,58) 
cluster2edge:(0,102) (299,102) (0,103) (1,103) (2,103) (3,102) (2,102) (1,102) 
cluster3edge:(8,234) (8,235) (9,236) (10,236) (11,237) (12,236) (13,237) (14,236) (14,235) (14,234) (13,233) (12,233) (11,234) (10,234) (9,234) 
cluster4edge:(13,285) (14,285) 
cluster5edge:(15,19) (15,20) (15,21) (15,22) (16,23) (17,24) (18,24) (19,23) (20,23) (21,23) (21,22) (21,21) (22,20) (21,19) (20,19) (19,18) (18,18) (17,18) (16,18) 
cluster6edge:(17,194) (17,195) (17,196) (17,197) (18,198) (18,199) (19,199) (20,200) (21,201) (22,200) (23,200) (24,200) (25,199) (25,198) (24,198) (23,197) (24,196) (25,196) (26,195) (27,195) (28,195) (29,195) (30,194) (29,194) (28,193) (27,193) (26,193) (25,192) (26,191) (27,191) (28,191) (29,191) (28,190) (27,190) (26,190) (25,190) (24,189) (25,188) (26,188) (27,188) (27,187) (28,186) (27,185) (28,184) (27,183) (26,184) (25,185) (24,186) (23,187) (22,186) (21,187) (20,188) (19,189) (19,190) (18,191) (18,192) (18,193) 
cluster7edge:(27,280) (28,281) (28,282) (29,283) (30,282) (29,281) (28,280) 
cluster8edge:(28,210) (29,210) 
cluster9edge:(28,212) (29,212) 
cluster10edge:(29,89) (30,90) (29,91) (30,92) (30,93) (31,94) (31,95) (31,96) (32,97) (33,98) (34,99) (35,99) (36,100) (37,101) (37,102) (38,102) (39,103) (40,103) (39,102) (40,101) (41,101) (42,101) (43,101) (44,101) (43,100) (44,99) (43,99) (42,99) (41,98) (42,97) (43,97) (44,97) (45,96) (46,96) (47,96) (48,96) (49,95) (48,95) (47,94) (48,93) (49,93) (50,93) (51,93) (50,92) (51,91) (50,90) (49,90) (48,89) (47,88) (46,87) (45,88) (44,87) (43,87) (42,87) (41,86) (40,86) (39,86) (38,86) (37,86) (36,86) (35,86) (34,86) (33,86) (32,87) (31,88) (30,88) 
cluster11edge:(29,202) (30,202) 
cluster12edge:(31,195) (32,195) 
cluster13edge:(35,263) (35,264) (36,265) (37,265) (38,266) (39,266) (40,266) (40,265) (39,265) (38,264) (39,263) (38,263) (37,263) (36,263) 
cluster14edge:(38,0) (39,1) (39,2) (39,3) (40,4) (41,5) (41,6) (42,7) (43,8) (44,9) (45,10) (46,11) (47,12) (47,13) (48,14) (49,15) (50,15) (51,15) (52,15) (53,15) (54,15) (55,15) (56,15) (57,15) (58,15) (59,15) (60,15) (61,16) (62,16) (63,16) (64,17) (63,18) (62,19) (63,19) (64,20) (64,21) (65,21) (66,22) (67,22) (68,22) (69,22) (70,22) (71,21) (72,20) (71,19) (72,18) (72,17) (72,16) (73,15) (72,14) (73,13) (72,12) (73,11) (72,10) (71,9) (70,8) (70,7) (69,6) (68,5) (67,4) (66,4) (65,3) (64,3) (63,2) (62,1) (61,2) (60,1) (59,2) (60,3) (61,4) (62,5) (61,6) (60,6) (59,6) (58,6) (59,7) (58,8) (57,8) (56,8) (55,7) (56,6) (55,6) (54,6) (53,5) (54,4) (53,3) (52,2) (53,1) (53,0) (53,299) (54,298) (54,297) (53,296) (52,296) (51,295) (50,295) (49,295) (48,295) (47,295) (46,295) (45,295) (44,295) (43,295) (42,295) (41,296) (40,296) (39,297) (38,298) (39,299) 
cluster15edge:(39,211) (40,212) (41,212) (42,212) (43,211) (43,210) (42,209) (41,210) (40,210) 
cluster16edge:(43,105) (44,106) (45,107) (46,107) (47,108) (48,109) (49,109) (50,109) (51,110) (52,111) (53,111) (54,111) (55,112) (56,112) (57,111) (58,111) (59,111) (60,110) (61,110) (62,109) (62,108) (62,107) (63,106) (62,105) (63,104) (62,103) (61,102) (62,101) (61,101) (60,100) (59,99) (59,98) (58,97) (58,96) (57,97) (56,96) (55,97) (54,96) (54,97) (54,98) (53,99) (52,100) (51,100) (50,100) (49,101) (48,102) (47,102) (46,102) (47,103) (46,104) (45,104) (44,104) 
cluster17edge:(47,275) (48,275) 
cluster18edge:(56,66) (57,67) (57,68) (58,68) (59,69) (60,70) (61,69) (62,68) (63,67) (62,66) (62,65) (62,64) (62,63) (61,63) (60,63) (59,63) (58,63) (57,64) (57,65) 
cluster19edge:(63,76) (64,76) 
cluster20edge:(65,27) (66,27) 
cluster21edge:(66,273) (66,274) (66,275) (67,274) (68,274) (68,273) (67,272) 
cluster22edge:(67,24) (68,24) 
cluster23edge:(68,137) (68,138) (68,139) (69,140) (69,141) (70,142) (71,142) (72,142) (73,142) (74,142) (75,142) (76,142) (77,142) (78,141) (77,140) (78,139) (79,139) (80,139) (79,138) (78,137) (77,137) (76,136) (75,136) (74,136) (73,136) (72,136) (71,136) (70,136) (69,136) 
cluster24edge:(70,134) (71,134) 
cluster25edge:(71,125) (71,126) (71,127) (71,128) (72,129) (72,130) (73,129) (74,130) (75,130) (76,130) (77,130) (78,130) (79,130) (80,131) (80,132) (81,132) (82,131) (83,132) (84,131) (83,130) (82,129) (81,129) (80,128) (79,128) (78,127) (77,127) (76,126) (75,125) (74,125) (73,125) (72,124) 
cluster26edge:(72,202) (72,203) (73,202) (73,201) 
cluster27edge:(77,281) (78,282) (77,283) (77,284) (77,285) (78,286) (79,287) (80,288) (81,288) (82,289) (83,288) (84,288) (85,288) (86,288) (87,288) (88,289) (89,288) (90,288) (91,287) (92,286) (93,285) (94,285) (95,284) (95,283) (95,282) (94,282) (93,281) (94,280) (93,280) (92,280) (91,280) (90,280) (89,281) (88,282) (87,281) (86,280) (85,280) (84,280) (83,280) (82,280) (81,280) (80,281) (79,281) (78,281) 
cluster28edge:(81,145) (81,146) (81,147) (81,148) (81,149) (82,149) (83,150) (84,151) (85,151) (86,151) (87,151) (88,152) (89,151) (90,151) (91,151) (92,151) (93,150) (93,149) (94,148) (95,147) (96,146) (95,145) (96,144) (97,143) (97,142) (98,141) (99,141) (98,140) (99,139) (98,138) (99,137) (98,136) (98,135) (97,135) (96,134) (95,134) (94,134) (93,134) (92,135) (91,136) (90,136) (89,137) (88,137) (87,138) (86,138) (85,138) (84,139) (84,140) (83,141) (84,142) (84,143) (85,144) (84,145) (83,145) (82,145) 
cluster29edge:(85,272) (85,273) (85,274) (86,275) (86,276) (87,275) (88,276) (89,275) (88,274) (87,273) (86,273) 
cluster30edge:(91,38) (92,39) (93,40) (94,39) (93,38) (92,37) 
cluster31edge:(94,215) (94,216) (95,217) (96,218) (97,217) (98,218) (99,218) (100,218) (101,218) (102,218) (103,218) (104,218) (105,218) (104,217) (105,216) (105,215) (104,214) (104,213) (104,212) (103,211) (104,210) (104,209) (105,208) (106,207) (107,206) (108,205) (109,204) (109,203) (110,202) (111,202) (112,201) (113,200) (113,199) (114,198) (115,197) (116,198) (117,197) (118,196) (119,197) (120,196) (121,197) (122,196) (123,196) (124,195) (125,194) (126,193) (126,192) (127,191) (128,190) (127,189) (127,188) (126,187) (125,188) (124,189) (123,188) (122,189) (121,190) (120,190) (120,191) (119,192) (118,192) (117,193) (116,194) (115,195) (114,195) (113,196) (112,197) (111,196) (110,196) (111,197) (110,198) (109,198) (108,198) (107,199) (106,199) (106,200) (105,201) (104,201) (103,201) (102,201) (101,202) (100,202) (99,203) (98,202) (97,202) (98,203) (97,204) (96,204) (97,205) (98,206) (98,207) (99,208) (99,209) (98,210) (97,211) (97,212) (96,213) (95,213) (95,214) 
cluster32edge:(98,128) (99,129) (100,128) (99,128) 
cluster33edge:(103,7) (104,7) 
cluster34edge:(105,16) (106,16) 
cluster35edge:(105,45) (106,46) (105,47) (106,48) (106,49) (106,50) (107,51) (107,52) (107,53) (108,54) (108,55) (108,56) (108,57) (109,58) (108,59) (109,59) (110,60) (111,61) (110,62) (111,63) (112,64) (113,65) (114,66) (115,67) (116,68) (117,69) (118,69) (119,68) (120,68) (121,68) (122,68) (123,68) (122,67) (122,66) (122,65) (121,65) (120,64) (121,63) (122,62) (121,62) (120,62) (119,61) (119,60) (120,59) (121,59) (122,58) (121,58) (120,58) (119,58) (118,58) (117,58) (116,57) (117,56) (118,56) (119,56) (120,56) (121,56) (122,55) (123,55) (124,55) (125,56) (126,56) (127,56) (128,56) (129,57) (128,58) (127,58) (126,58) (125,59) (126,59) (127,59) (128,59) (129,60) (129,61) (128,62) (127,62) (128,63) (129,63) (130,64) (129,65) (128,66) (129,66) (130,66) (131,66) (132,66) (133,66) (134,66) (135,67) (135,68) (136,68) (137,68) (138,69) (138,70) (139,70) (140,70) (141,70) (142,71) (141,72) (142,72) (143,72) (144,72) (144,71) (145,70) (144,69) (144,68) (144,67) (144,66) (143,65) (143,64) (142,63) (143,62) (142,61) (142,60) (141,59) (141,58) (140,57) (139,56) (139,55) (138,54) (137,53) (136,52) (135,51) (134,51) (133,50) (132,50) (131,49) (130,48) (129,47) (128,46) (127,46) (126,46) (125,45) (124,45) (123,44) (122,44) (121,45) (120,45) (119,46) (118,46) (117,46) (117,47) (118,48) (118,49) (119,50) (120,50) (121,50) (122,51) (121,52) (120,52) (119,53) (120,53) (121,53) (122,54) (121,55) (120,55) (119,55) (118,54) 
cluster36edge:(107,8) (108,8) (109,8) (108,7) 
cluster37edge:(112,132) (112,133) (112,134) (113,134) (114,135) (115,134) (116,135) (117,135) (118,136) (119,136) (120,136) (121,136) (122,136) (123,137) (124,137) (125,137) (125,136) (125,135) (125,134) (124,133) (124,132) (123,132) (122,131) (121,130) (120,130) (119,130) (118,129) (117,130) (116,130) (115,130) (114,131) (113,130) (113,131) 
cluster38edge:(113,41) (114,41) (115,41) (116,40) (115,40) (114,40) 
cluster39edge:(113,140) (114,140) 
cluster40edge:(114,142) (115,143) (114,144) (115,145) (116,146) (116,147) (117,148) (118,149) (119,150) (119,151) (120,151) (121,152) (122,153) (123,153) (124,153) (125,153) (126,154) (127,154) (128,155) (129,154) (130,155) (131,154) (130,153) (131,152) (130,151) (129,150) (128,150) (127,150) (126,149) (127,148) (128,148) (129,148) (130,147) (129,147) (128,147) (127,147) (126,147) (125,147) (124,146) (125,145) (126,145) (127,145) (127,144) (126,144) (125,143) (126,142) (127,142) (126,141) (125,141) (124,141) (123,141) (122,141) (121,141) (120,140) (119,140) (118,140) (117,141) (116,141) (115,141) 
cluster41edge:(122,73) (122,74) (123,75) (124,75) (125,75) (126,76) (127,77) (128,76) (129,77) (130,76) (131,77) (132,77) (133,77) (134,78) (135,77) (136,78) (137,78) (138,78) (139,77) (139,76) (138,76) (137,76) (136,76) (135,75) (135,74) (134,74) (133,74) (132,74) (131,73) (132,72) (131,72) (130,72) (129,71) (128,70) (127,71) (126,71) (125,71) (124,71) (123,72) 
cluster42edge:(132,290) (132,291) (132,292) (133,293) (134,294) (134,295) (135,296) (136,296) (137,296) (138,295) (137,294) (138,293) (138,292) (139,291) (140,291) (140,290) (140,289) (139,288) (138,287) (137,286) (136,286) (135,286) (134,287) (133,288) (133,289) 
cluster43edge:(137,182) (137,183) (138,184) (137,185) (137,186) (138,185) (139,186) (140,187) (141,187) (142,188) (143,189) (144,189) (145,189) (146,190) (147,189) (148,188) (148,187) (147,186) (148,185) (147,185) (146,185) (145,184) (146,183) (145,183) (144,182) (145,181) (146,181) (145,180) (146,179) (145,179) (144,178) (143,178) (142,177) (141,177) (140,177) (139,178) (138,179) (138,180) (138,181) 
cluster44edge:(142,297) (143,298) (142,299) (143,0) (144,1) (145,0) (146,1) (147,0) (148,299) (148,298) (147,297) (146,296) (145,296) (144,296) (143,297) 
cluster45edge:(143,109) (143,110) (143,111) (144,110) (144,109) 
cluster46edge:(147,111) (148,111) 
cluster47edge:(147,260) (147,261) (148,260) 
cluster48edge:(161,91) (162,91) 
cluster49edge:(164,219) (164,220) (164,221) (164,222) (164,223) (165,224) (166,223) (167,224) (168,223) (169,222) (169,221) (170,220) (169,220) (168,219) (167,219) (166,219) (165,219) 
cluster50edge:(181,83) (181,84) (181,85) (181,86) (182,87) (183,88) (184,89) (185,88) (186,88) (187,88) (188,88) (189,88) (190,87) (191,87) (191,86) (192,85) (191,84) (191,83) (190,83) (189,82) (188,83) (187,83) (186,83) (185,83) (184,83) (183,83) (182,83) 
cluster51edge:(181,130) (182,130) 
cluster52edge:(182,132) (182,133) (183,133) (184,134) (185,135) (186,135) (186,134) (186,133) (185,132) (184,132) (183,132) 
cluster53edge:(183,263) (183,264) (183,265) (184,266) (185,266) (186,266) (187,267) (188,268) (189,268) (190,268) (191,268) (192,267) (193,268) (194,268) (195,267) (194,266) (193,266) (192,265) (191,264) (192,263) (193,263) (192,262) (191,262) (190,261) (191,260) (192,260) (191,259) (190,259) (189,259) (188,260) (187,261) (186,260) (185,261) (184,262) 
cluster54edge:(187,250) (187,251) (187,252) (188,253) (189,253) (190,254) (191,255) (192,255) (193,254) (194,254) (195,254) (196,255) (196,254) (195,253) (195,252) (195,251) (194,250) (194,249) (193,248) (192,248) (191,248) (190,247) (189,248) (188,249) 
cluster55edge:(196,76) (197,77) (198,77) (199,77) (200,77) (201,78) (202,78) (203,78) (204,78) (205,79) (204,80) (205,80) (206,80) (207,80) (208,80) (209,80) (210,81) (211,81) (212,81) (213,81) (214,81) (215,81) (216,82) (215,83) (214,83) (215,84) (214,85) (215,85) (216,85) (217,85) (217,84) (218,83) (219,83) (218,82) (219,81) (218,80) (219,79) (220,79) (221,78) (221,77) (222,76) (223,76) (224,75) (223,74) (222,74) (221,74) (220,74) (219,73) (220,72) (221,72) (222,72) (223,71) (223,70) (223,69) (223,68) (222,67) (222,66) (221,65) (222,64) (221,64) (220,64) (219,63) (220,62) (221,62) (221,61) (220,60) (219,59) (218,60) (217,59) (216,58) (215,59) (214,58) (213,59) (212,60) (213,60) (214,61) (215,60) (216,60) (217,60) (218,61) (217,62) (216,63) (215,64) (214,64) (213,65) (212,65) (211,65) (210,64) (209,64) (208,64) (207,65) (206,64) (205,63) (204,63) (203,64) (203,65) (204,66) (203,67) (202,67) (201,67) (201,68) (200,69) (200,70) (200,71) (201,72) (201,73) (200,74) (199,74) (198,75) (197,75) 
cluster56edge:(203,86) (203,87) 
cluster57edge:(206,61) (207,61) 
cluster58edge:(207,58) (208,58) 
cluster59edge:(209,36) (210,37) (209,38) (209,39) (209,40) (210,41) (209,42) (210,43) (211,44) (212,45) (213,46) (214,46) (215,46) (216,46) (217,46) (218,46) (219,46) (220,46) (219,45) (218,44) (218,43) (217,43) (216,42) (217,41) (218,41) (217,40) (218,39) (219,39) (220,39) (221,39) (220,38) (220,37) (219,37) (218,37) (217,36) (218,35) (219,34) (218,34) (217,33) (216,32) (215,33) (214,32) (213,33) (212,34) (211,34) (210,35) 
cluster60edge:(210,240) (211,240) 
cluster61edge:(210,242) (211,243) (212,244) (212,245) (213,246) (214,246) (215,246) (216,247) (216,246) (217,245) (218,245) (219,245) (220,245) (221,244) (221,243) (220,244) (219,244) (218,244) (217,243) (218,242) (217,242) (216,242) (215,242) (214,242) (213,242) (212,242) (211,242) 
cluster62edge:(213,218) (213,219) (213,220) (214,221) (215,222) (216,223) (217,223) (218,224) (219,225) (220,225) (221,225) (222,224) (223,223) (224,223) (224,222) (224,221) (225,220) (224,219) (223,218) (222,217) (221,217) (220,217) (219,216) (218,216) (217,215) (216,216) (215,216) (214,217) 
cluster63edge:(213,233) (213,234) (213,235) (214,236) (215,237) (216,238) (217,238) (218,238) (219,238) (220,238) (221,239) (221,240) (222,240) (223,240) (224,240) (225,240) (226,239) (225,238) (226,237) (225,236) (224,235) (223,234) (222,234) (221,233) (220,233) (219,232) (218,232) (217,232) (216,231) (215,232) (214,233) 
cluster64edge:(216,1) (217,2) (217,3) (217,4) (218,5) (219,6) (220,7) (221,8) (221,9) (222,8) (223,9) (223,8) (223,7) (224,6) (225,6) (226,6) (225,5) (226,4) (227,4) (228,4) (229,4) (228,3) (227,3) (226,2) (227,1) (227,0) (227,299) (226,298) (227,297) (226,296) (225,297) (224,296) (223,296) (222,296) (221,296) (220,296) (219,297) (218,296) (217,297) (216,297) (217,298) (216,299) (217,0) 
cluster65edge:(221,90) (222,90) (223,91) (224,92) (225,92) (226,92) (227,93) (228,92) (229,91) (228,90) (229,89) (228,88) (227,87) (226,86) (225,87) (224,87) (223,87) (222,88) (222,89) 
cluster66edge:(222,242) (223,242) 
cluster67edge:(233,232) (233,233) (233,234) (234,235) (235,236) (236,236) (237,236) (236,235) (237,234) (238,234) (239,233) (240,233) (241,232) (242,232) (242,231) (243,230) (242,230) (241,230) (240,229) (239,229) (238,230) (237,230) (236,230) (235,230) (234,231) 
cluster68edge:(238,103) (239,104) (239,105) (240,106) (241,106) (242,107) (241,108) (242,109) (243,109) (244,110) (245,109) (244,108) (245,107) (246,107) (247,107) (248,107) (249,107) (250,107) (251,107) (252,107) (253,107) (254,106) (253,106) (252,106) (251,105) (252,104) (253,104) (254,104) (255,104) (256,104) (257,104) (258,104) (257,103) (257,102) (257,101) (257,100) (256,99) (255,98) (254,97) (253,96) (252,95) (251,94) (250,93) (249,92) (248,92) (247,92) (246,92) (245,93) (244,92) (243,93) (242,94) (241,95) (240,96) (240,97) (239,98) (239,99) (239,100) (239,101) (239,102) 
cluster69edge:(254,276) (255,277) (256,278) (257,279) (258,278) (259,278) (260,279) (260,278) (261,277) (260,276) (259,275) (258,274) (257,275) (256,274) (255,275) 
cluster70edge:(264,272) (265,273) (266,273) (267,272) (268,272) (269,271) (268,270) (269,269) (270,269) (269,268) (270,267) (269,266) (268,266) (267,267) (267,268) (266,269) (265,270) (265,271) 
cluster71edge:(270,93) (270,94) (270,95) (270,96) (271,97) (272,97) (273,97) (274,98) (275,99) (276,99) (277,99) (278,99) (277,98) (277,97) (277,96) (278,95) (278,94) (279,93) (279,92) (278,92) (277,91) (276,91) (275,91) (274,91) (273,91) (272,92) (271,92) 
cluster72edge:(272,63) (273,64) (272,65) (273,66) (273,67) (274,68) (275,69) (276,68) (277,69) (278,68) (277,67) (278,66) (277,65) (276,65) (275,65) (274,64) (275,63) (274,63) (273,63) 
cluster73edge:(277,275) (277,276) (277,277) (277,278) (277,279) (278,279) (279,279) (280,279) (281,279) (282,279) (283,280) (284,280) (285,279) (285,278) (285,277) (284,276) (283,275) (284,274) (283,274) (282,273) (281,272) (280,271) (279,271) (278,271) (279,272) (278,273) (278,274) 
cluster74edge:(282,282) (282,283) (283,282) 
cluster75edge:(286,70) (287,71) (288,72) (289,73) (290,72) (291,73) (292,73) (293,73) (294,74) (295,74) (296,74) (297,74) (298,73) (299,72) (298,71) (297,70) (298,69) (297,69) (296,69) (295,69) (294,69) (293,69) (292,69) (291,69) (290,68) (289,69) (288,68) (287,69) 
cluster76edge:(289,89) (290,90) (289,91) (290,92) (291,92) (291,91) (292,90) (292,89) (292,88) (293,87) (292,87) (291,87) (290,88) 
