cluster1edge:(0,72) (0,73) 
cluster2edge:(0,141) (299,142) (298,142) (297,142) (298,143) (297,144) (296,144) (295,144) (296,145) (295,146) (294,146) (294,147) (293,148) (292,149) (292,150) (293,150) (294,151) (293,152) (292,152) (291,152) (291,153) (290,154) (291,155) (291,156) (292,156) (293,156) (294,156) (295,156) (296,157) (296,158) (297,158) (297,157) (297,156) (297,155) (298,154) (299,154) (299,153) (299,152) (0,151) (0,150) (0,149) (1,148) (0,147) (0,146) (0,145) (0,144) (0,143) (0,142) 
cluster3edge:(0,162) (299,162) (298,162) (297,161) (296,162) (295,163) (294,162) (293,161) (292,161) (291,161) (290,161) (289,161) (288,161) (287,161) (286,161) (285,162) (284,162) (283,163) (282,163) (281,164) (282,165) (282,166) (283,166) (284,167) (284,168) (285,169) (286,169) (287,170) (288,171) (289,170) (290,171) (291,171) (292,171) (293,171) (294,171) (295,171) (296,171) (297,171) (298,172) (299,171) (0,172) (1,173) (2,174) (2,175) (3,176) (3,177) (3,178) (4,179) (5,180) (6,181) (7,182) (8,182) (9,181) (10,180) (11,180) (11,179) (12,178) (12,177) (11,177) (10,177) (9,176) (10,175) (11,175) (11,174) (10,173) (9,173) (8,173) (7,172) (8,171) (7,171) (6,170) (7,169) (6,168) (5,167) (4,166) (3,166) (2,165) (1,164) (1,163) 
cluster4edge:(2,217) (3,218) (4,219) (5,218) (4,217) (4,216) (3,217) 
cluster5edge:(2,272) (2,273) (3,273) 
cluster6edge:(3,148) (4,149) (5,150) (6,149) (7,150) (8,149) (9,148) (10,147) (11,147) (10,146) (11,145) (10,144) (10,143) (10,142) (9,143) (8,142) (8,143) (7,144) (7,145) (6,146) (5,146) (4,146) (5,147) (4,148) 
cluster7edge:(9,221) (10,221) (11,221) (12,220) (11,220) (10,220) 
cluster8edge:(14,187) (15,188) (15,189) (16,190) (17,190) (18,191) (19,191) (20,191) (21,192) (22,192) (23,192) (24,193) (25,194) (26,195) (27,196) (28,197) (29,198) (30,199) (31,200) (32,201) (33,201) (34,202) (35,203) (36,204) (37,205) (38,204) (39,205) (40,204) (41,205) (42,206) (43,205) (44,204) (45,204) (45,203) (44,203) (43,202) (42,201) (42,200) (42,199) (43,198) (42,198) (41,198) (40,197) (39,197) (38,197) (37,197) (36,196) (37,195) (36,195) (35,194) (36,193) (37,192) (36,191) (35,191) (34,190) (33,190) (32,190) (31,189) (32,188) (33,188) (33,187) (32,187) (31,187) (30,187) (29,187) (28,186) (29,185) (30,185) (29,184) (28,183) (27,182) (27,181) (26,181) (25,180) (24,179) (23,179) (22,178) (21,178) (20,178) (19,178) (18,179) (18,180) (19,181) (18,182) (17,182) (18,183) (17,184) (16,185) (15,185) (15,186) 
cluster9edge:(16,9) (17,10) (16,11) (17,12) (17,13) (17,14) (18,15) (18,16) (19,17) (20,18) (21,19) (22,19) (23,20) (24,20) (25,21) (26,21) (27,21) (28,22) (29,21) (30,21) (31,20) (30,19) (29,18) (30,17) (30,16) (30,15) (29,15) (28,15) (27,15) (26,14) (27,13) (26,12) (26,11) (26,10) (25,10) (24,10) (23,9) (24,8) (25,8) (24,7) (23,7) (22,7) (21,6) (20,7) (19,7) (18,8) (17,8) 
cluster10edge:(25,282) (26,282) 
cluster11edge:(26,85) (27,86) (28,87) (28,88) (28,89) (29,89) (30,90) (29,91) (30,92) (31,93) (32,94) (33,93) (34,94) (35,93) (36,93) (36,92) (37,91) (38,90) (37,89) (38,88) (37,88) (36,87) (36,86) (35,85) (34,85) (33,85) (32,85) (31,85) (30,85) (29,85) (28,85) (27,85) 
cluster12edge:(28,122) (28,123) (29,124) (30,125) (30,126) (30,127) (31,126) (32,126) (31,125) (32,124) (31,124) (30,123) (30,122) (29,123) 
cluster13edge:(30,8) (31,8) 
cluster14edge:(30,82) (31,82) 
cluster15edge:(32,267) (33,268) (34,269) (35,270) (36,270) (37,270) (38,271) (39,271) (39,270) (40,269) (39,268) (38,267) (37,266) (36,265) (35,264) (34,265) (33,266) 
cluster16edge:(33,282) (34,283) (33,284) (34,285) (35,286) (36,285) (37,285) (38,285) (39,285) (40,284) (41,284) (42,283) (41,283) (40,282) (39,282) (38,282) (37,282) (36,282) (35,282) (34,281) 
cluster17edge:(41,270) (41,271) 
cluster18edge:(43,28) (44,29) (45,29) (44,28) 
cluster19edge:(47,158) (48,158) 
cluster20edge:(47,164) (48,165) (49,165) (50,166) (51,167) (52,167) (53,168) (54,169) (55,168) (56,169) (57,168) (56,167) (55,166) (55,165) (54,165) (53,165) (52,165) (51,165) (50,165) (49,164) (50,163) (49,163) (48,163) 
cluster21edge:(49,160) (50,160) 
cluster22edge:(52,21) (53,22) (54,23) (55,22) (54,21) (54,20) (53,21) 
cluster23edge:(64,181) (65,182) (66,181) (65,180) 
cluster24edge:(67,277) (68,278) (68,277) 
cluster25edge:(68,224) (69,224) 
cluster26edge:(68,226) (69,226) 
cluster27edge:(72,186) (73,187) (74,186) (73,186) 
cluster28edge:(72,204) (72,205) (72,206) (72,207) (72,208) (72,209) (73,210) (73,211) (74,210) (75,210) (76,209) (77,209) (78,210) (79,209) (80,209) (81,209) (82,209) (83,208) (84,208) (85,207) (84,207) (83,207) (82,206) (81,205) (80,204) (79,203) (78,204) (77,203) (76,204) (75,203) (74,203) (73,203) 
cluster29edge:(80,212) (81,212) 
cluster30edge:(86,233) (86,234) (87,235) (86,236) (86,237) (86,238) (86,239) (87,240) (88,241) (89,242) (90,242) (91,242) (92,243) (93,244) (94,244) (95,244) (96,245) (97,245) (98,246) (99,247) (100,247) (101,247) (102,248) (101,249) (102,249) (103,248) (104,247) (103,246) (103,245) (103,244) (102,243) (102,242) (101,241) (100,241) (99,240) (98,239) (98,238) (97,237) (96,238) (95,237) (94,236) (93,235) (92,236) (91,235) (90,234) (89,233) (88,233) (87,234) 
cluster31edge:(86,248) (86,249) (86,250) (87,251) (88,252) (89,253) (90,254) (89,255) (90,256) (89,257) (90,258) (89,259) (90,260) (89,261) (90,262) (90,263) (91,264) (91,265) (92,266) (93,267) (93,268) (94,269) (95,270) (96,271) (97,270) (98,271) (98,270) (99,269) (100,269) (99,268) (98,267) (99,266) (100,266) (100,265) (100,264) (101,263) (100,263) (99,263) (98,262) (99,261) (100,261) (101,261) (100,260) (100,259) (100,258) (99,257) (99,256) (99,255) (98,255) (97,254) (96,255) (95,254) (94,253) (93,252) (93,251) (93,250) (92,250) (91,249) (90,249) (89,248) (88,248) (87,248) 
cluster32edge:(99,279) (100,279) 
cluster33edge:(102,269) (102,270) (102,271) (103,271) (104,272) (105,271) (106,272) (107,273) (107,274) (108,275) (108,276) (109,277) (110,277) (111,278) (112,277) (113,276) (113,275) (114,274) (114,273) (114,272) (115,271) (115,270) (115,269) (115,268) (114,267) (115,266) (114,265) (114,264) (113,263) (112,262) (111,262) (110,262) (109,261) (108,261) (107,260) (106,261) (107,261) (108,262) (107,263) (106,263) (107,264) (107,265) (107,266) (106,267) (105,267) (106,268) (105,269) (104,269) (103,269) 
cluster34edge:(118,247) (118,248) (119,248) (120,248) (121,248) (120,247) (120,246) (119,246) 
cluster35edge:(131,84) (132,84) (132,83) 
cluster36edge:(134,228) (135,229) (136,230) (137,231) (138,232) (139,233) (140,233) (141,232) (142,231) (141,231) (140,230) (140,229) (140,228) (141,227) (142,227) (141,226) (141,225) (140,226) (139,225) (138,226) (137,225) (136,226) (135,227) 
cluster37edge:(134,236) (135,237) (134,238) (135,239) (136,239) (137,238) (137,237) (136,236) (136,235) (136,234) (135,235) 
cluster38edge:(138,287) (138,288) (139,288) (140,288) (139,287) 
cluster39edge:(141,74) (141,75) (142,76) (141,77) (141,78) (141,79) (141,80) (141,81) (141,82) (141,83) (142,84) (142,85) (142,86) (143,86) (144,87) (145,88) (145,89) (146,90) (147,90) (148,91) (149,91) (150,92) (151,92) (152,93) (153,94) (154,93) (155,94) (156,95) (157,96) (158,95) (157,94) (156,93) (157,92) (156,91) (157,90) (158,89) (158,88) (157,88) (156,88) (155,87) (156,86) (157,85) (156,85) (155,85) (154,85) (153,84) (153,83) (154,82) (155,82) (155,81) (154,81) (153,81) (152,80) (153,79) (154,79) (154,78) (153,78) (152,77) (153,76) (152,76) (151,76) (150,75) (149,74) (150,73) (150,72) (149,73) (148,72) (147,73) (146,72) (145,73) (144,73) (143,73) (142,74) 
cluster40edge:(142,44) (143,45) (144,45) (145,46) (145,47) (146,47) (147,48) (148,48) (149,48) (149,47) (150,46) (151,46) (152,46) (153,45) (154,44) (155,44) (156,44) (157,43) (156,42) (155,42) (154,42) (153,41) (152,41) (151,41) (150,41) (149,41) (148,41) (147,41) (146,41) (145,41) (144,42) (143,43) 
cluster41edge:(145,227) (146,227) 
cluster42edge:(146,49) (146,50) (147,50) 
cluster43edge:(148,143) (149,144) (148,145) (149,146) (148,147) (149,147) (150,148) (151,149) (152,149) (153,149) (154,148) (155,148) (156,148) (156,147) (156,146) (157,145) (158,145) (159,145) (160,145) (161,145) (162,144) (162,143) (163,142) (162,142) (161,141) (160,140) (159,139) (158,139) (157,138) (156,138) (155,139) (154,138) (153,139) (152,139) (151,139) (150,140) (149,141) (149,142) 
cluster44edge:(157,46) (158,46) 
cluster45edge:(158,76) (159,77) (158,78) (158,79) (159,79) (160,79) (161,79) (162,80) (161,81) (160,81) (159,81) (159,82) (160,82) (161,82) (162,82) (163,83) (163,84) (162,85) (163,86) (164,86) (165,87) (164,88) (163,88) (164,89) (165,90) (166,91) (167,92) (168,91) (169,92) (170,91) (171,92) (172,91) (173,92) (174,91) (175,90) (176,90) (176,89) (176,88) (177,87) (176,86) (176,85) (176,84) (176,83) (176,82) (175,82) (174,81) (174,80) (173,79) (172,78) (171,77) (170,76) (169,75) (168,76) (167,75) (166,74) (165,74) (164,74) (163,73) (162,74) (161,73) (160,74) (160,75) (159,76) 
cluster46edge:(159,151) (160,151) 
cluster47edge:(159,281) (160,281) 
cluster48edge:(161,152) (162,153) (161,154) (162,155) (163,155) (164,155) (165,156) (166,157) (167,157) (168,157) (169,158) (170,159) (171,158) (172,159) (173,158) (174,159) (175,158) (176,158) (177,158) (178,157) (179,157) (180,157) (181,157) (182,156) (183,156) (184,155) (184,154) (183,153) (183,152) (184,151) (183,150) (184,149) (183,148) (182,148) (181,147) (182,146) (181,145) (182,144) (183,143) (182,142) (181,142) (180,143) (179,143) (178,144) (177,145) (176,145) (175,145) (174,145) (175,146) (174,147) (173,147) (172,147) (171,148) (170,149) (169,148) (169,149) (168,150) (167,150) (166,150) (165,150) (164,150) (163,151) (162,151) 
cluster49edge:(165,127) (166,128) (165,129) (166,130) (165,131) (166,132) (165,133) (166,134) (165,135) (166,136) (167,137) (168,138) (169,137) (170,138) (171,137) (172,138) (173,139) (174,138) (175,138) (176,139) (177,138) (178,139) (179,140) (180,140) (181,140) (182,140) (183,141) (183,140) (184,139) (183,138) (184,137) (185,136) (186,135) (187,134) (188,133) (187,132) (187,131) (188,130) (187,129) (188,128) (187,127) (188,126) (187,125) (187,124) (186,123) (185,124) (184,123) (183,124) (183,125) (184,126) (185,127) (184,128) (185,129) (184,130) (183,131) (183,132) (184,133) (183,134) (182,135) (181,134) (181,135) (182,136) (181,137) (180,137) (179,137) (178,137) (177,137) (176,137) (175,136) (176,135) (177,135) (178,135) (177,134) (176,134) (175,134) (174,133) (175,132) (176,131) (175,130) (176,129) (175,128) (174,127) (174,126) (173,125) (174,124) (174,123) (173,122) (172,122) (171,121) (170,120) (171,119) (170,119) (169,119) (168,120) (167,121) (166,122) (167,123) (166,124) (166,125) (166,126) 
cluster50edge:(174,29) (174,30) (175,31) (176,31) (177,31) (176,30) (176,29) (175,29) 
cluster51edge:(181,68) (182,69) (181,70) (182,71) (182,72) (183,73) (182,74) (183,75) (183,76) (184,77) (184,78) (185,79) (186,80) (187,81) (188,81) (189,81) (190,82) (191,82) (192,83) (193,84) (194,84) (195,85) (196,86) (196,85) (197,84) (198,84) (197,83) (198,82) (198,81) (199,80) (200,80) (199,79) (200,78) (201,78) (202,78) (201,77) (201,76) (202,75) (202,74) (203,73) (202,73) (201,73) (200,73) (199,73) (198,73) (197,73) (196,73) (195,72) (196,71) (197,71) (198,71) (199,70) (200,70) (201,70) (202,70) (203,70) (203,69) (203,68) (202,68) (201,68) (200,68) (199,67) (200,66) (199,66) (198,66) (197,66) (196,66) (195,66) (194,66) (193,66) (192,66) (191,66) (190,66) (189,65) (188,66) (187,65) (186,66) (185,66) (184,66) (183,67) (182,67) 
cluster52edge:(182,175) (182,176) (182,177) (183,178) (182,179) (183,180) (184,181) (184,180) (185,179) (185,178) (186,177) (187,178) (187,177) (188,176) (189,176) (189,175) (190,174) (191,174) (190,173) (189,173) (188,172) (187,173) (186,172) (185,173) (184,172) (184,173) (183,174) 
cluster53edge:(184,59) (185,60) (186,59) (187,60) (188,60) (189,61) (190,60) (191,60) (192,60) (193,61) (194,60) (195,61) (196,60) (197,61) (198,60) (197,59) (196,58) (196,57) (195,57) (194,56) (193,55) (192,56) (191,56) (190,56) (189,55) (188,55) (189,56) (188,57) (187,58) (186,57) (185,58) 
cluster54edge:(185,203) (185,204) (185,205) (185,206) (186,207) (187,207) (188,208) (189,209) (190,208) (190,207) (190,206) (189,206) (188,205) (188,204) (187,203) (186,202) 
cluster55edge:(188,202) (189,202) 
cluster56edge:(189,15) (190,16) (191,16) (192,17) (193,16) (194,17) (195,16) (196,17) (197,16) (196,15) (195,15) (194,14) (193,14) (192,14) (191,13) (190,14) 
cluster57edge:(191,178) (192,178) 
cluster58edge:(191,201) (192,201) 
cluster59edge:(196,227) (197,227) 
cluster60edge:(198,42) (199,43) (198,44) (198,45) (199,46) (199,47) (199,48) (200,48) (201,49) (202,50) (203,49) (204,48) (205,48) (206,47) (206,46) (205,45) (206,44) (207,43) (206,42) (207,41) (206,40) (206,39) (207,38) (207,37) (208,36) (208,35) (207,34) (206,35) (205,36) (204,37) (203,36) (203,37) (202,38) (201,37) (200,38) (200,39) (200,40) (199,41) 
cluster61edge:(202,266) (203,267) (202,268) (203,269) (203,270) (204,271) (205,272) (206,273) (207,273) (208,273) (209,274) (210,274) (211,274) (212,275) (213,275) (214,275) (215,275) (216,275) (217,274) (218,274) (219,273) (218,272) (219,271) (218,270) (218,269) (217,270) (216,269) (215,269) (214,269) (213,268) (213,267) (212,267) (211,266) (210,267) (209,267) (208,267) (207,266) (206,266) (205,266) (204,266) (203,266) 
cluster62edge:(207,260) (208,261) (209,261) (210,261) (211,262) (212,262) (213,262) (214,262) (213,261) (212,260) (211,259) (210,259) (209,259) (208,259) 
cluster63edge:(210,64) (210,65) (210,66) (211,67) (210,68) (211,69) (212,69) (213,68) (213,67) (213,66) (214,65) (213,64) (212,64) (211,64) 
cluster64edge:(210,184) (211,184) 
cluster65edge:(213,195) (214,196) (214,197) (215,198) (216,198) (217,199) (218,199) (219,199) (220,199) (221,198) (222,197) (222,196) (222,195) (222,194) (222,193) (221,193) (220,193) (219,192) (218,193) (217,193) (216,193) (215,193) (214,192) (214,193) (214,194) 
cluster66edge:(216,31) (217,31) 
cluster67edge:(230,91) (231,92) (232,92) (233,92) (234,92) (235,91) (234,90) (233,90) (232,91) (231,90) 
cluster68edge:(244,103) (245,103) 
cluster69edge:(245,136) (245,137) 
cluster70edge:(247,105) (247,106) (248,107) (249,106) (250,107) (251,106) (250,105) (249,104) (248,105) 
cluster71edge:(250,251) (251,251) 
cluster72edge:(270,58) (271,58) (272,59) (271,60) (272,60) (273,60) (274,61) (275,61) (276,62) (277,61) (278,62) (279,61) (280,62) (281,61) (280,60) (281,59) (280,58) (279,57) (279,56) (278,56) (277,55) (276,54) (275,54) (274,55) (273,54) (272,55) (273,55) (274,56) (273,57) (272,57) (271,57) 
cluster73edge:(272,150) (273,151) (273,152) (273,153) (274,154) (274,155) (274,156) (275,157) (276,156) (277,156) (278,156) (279,156) (280,156) (281,156) (282,155) (283,155) (282,154) (283,153) (284,153) (284,152) (284,151) (285,150) (285,149) (286,148) (287,147) (287,146) (288,145) (289,145) (290,144) (289,144) (288,143) (289,142) (290,142) (289,141) (290,140) (290,139) (289,138) (288,139) (287,138) (286,137) (285,137) (284,137) (283,138) (282,137) (281,138) (280,139) (279,140) (280,141) (279,142) (278,143) (277,142) (277,143) (276,144) (275,145) (274,146) (273,147) (274,148) (273,149) 
cluster74edge:(276,158) (277,159) (278,158) (277,158) 
cluster75edge:(277,208) (278,209) (277,210) (278,211) (277,212) (278,212) (279,213) (278,214) (279,214) (280,215) (281,215) (282,215) (283,215) (284,214) (285,214) (286,214) (287,215) (288,215) (289,215) (290,215) (291,214) (292,213) (293,214) (294,213) (295,212) (294,211) (293,210) (292,209) (291,208) (290,208) (289,207) (288,207) (287,207) (286,207) (285,207) (284,206) (283,207) (282,207) (281,207) (280,207) (279,207) (278,208) 
cluster76edge:(296,222) (297,223) (298,223) (297,222) 
