cluster1edge:(0,45) (299,45) (298,46) (297,46) (296,46) (295,45) (294,45) (293,46) (292,46) (291,46) (290,46) (289,47) (288,46) (287,47) (286,47) (287,48) (286,49) (285,49) (284,49) (283,49) (282,49) (281,49) (280,50) (279,50) (278,50) (277,50) (276,50) (275,50) (274,50) (273,51) (272,52) (273,53) (274,54) (275,55) (276,56) (277,56) (278,56) (279,57) (280,57) (281,57) (282,57) (283,58) (284,57) (285,58) (286,58) (287,58) (288,58) (289,59) (290,60) (291,61) (291,62) (292,63) (293,64) (294,65) (293,66) (294,67) (293,68) (292,69) (292,70) (293,71) (292,72) (293,72) (294,71) (295,71) (296,70) (297,71) (298,71) (298,70) (299,69) (0,70) (0,71) (1,70) (2,70) (3,69) (4,69) (5,68) (6,68) (7,67) (8,67) (9,67) (10,67) (9,66) (8,66) (7,66) (6,65) (5,65) (4,64) (5,63) (6,63) (7,63) (8,63) (9,63) (10,63) (11,63) (12,63) (13,63) (14,63) (15,63) (16,63) (17,63) (17,62) (16,62) (15,62) (14,62) (13,61) (14,60) (15,60) (16,60) (17,60) (18,59) (17,58) (16,58) (15,58) (14,57) (13,56) (14,55) (15,55) (14,54) (13,53) (12,53) (11,52) (10,52) (9,51) (8,50) (7,50) (6,49) (5,48) (4,47) (3,46) (3,45) (2,46) (1,45) 
cluster2edge:(1,244) (1,245) (2,246) (3,245) (4,245) (4,244) (3,244) (2,244) 
cluster3edge:(5,73) (6,74) (5,75) (6,76) (7,77) (7,78) (8,79) (9,80) (10,80) (11,81) (12,82) (12,83) (13,83) (14,83) (15,84) (16,85) (17,86) (16,87) (17,88) (17,89) (17,90) (17,91) (17,92) (17,93) (18,94) (18,95) (18,96) (18,97) (18,98) (19,99) (19,100) (20,101) (21,102) (21,103) (22,104) (23,105) (24,106) (25,107) (26,107) (27,108) (28,108) (29,107) (30,107) (31,106) (30,105) (29,105) (28,104) (29,103) (30,103) (31,103) (31,102) (32,101) (31,101) (30,100) (31,99) (32,99) (33,99) (34,100) (35,100) (36,100) (37,101) (38,102) (38,103) (39,103) (40,103) (41,104) (40,105) (39,105) (38,105) (37,105) (36,105) (35,105) (34,105) (35,106) (34,107) (35,108) (35,109) (35,110) (36,111) (35,112) (34,112) (33,112) (34,113) (34,114) (33,115) (32,115) (31,115) (30,116) (29,116) (28,115) (27,116) (26,115) (25,116) (24,115) (23,116) (22,115) (21,115) (20,115) (21,116) (20,117) (21,118) (22,119) (23,120) (24,119) (25,120) (26,119) (27,120) (28,120) (29,119) (30,120) (31,119) (31,118) (32,117) (33,117) (34,117) (35,117) (36,117) (37,117) (38,118) (38,117) (37,116) (38,115) (39,114) (40,113) (41,113) (42,113) (43,113) (44,112) (45,113) (46,112) (47,111) (48,111) (48,110) (49,109) (48,108) (49,107) (48,106) (49,105) (48,104) (49,103) (50,102) (49,101) (48,100) (49,99) (48,98) (49,97) (48,96) (49,95) (48,94) (49,93) (49,92) (49,91) (50,90) (49,89) (50,88) (49,87) (48,87) (47,87) (46,87) (45,87) (44,87) (43,86) (42,86) (41,87) (40,87) (39,87) (38,86) (39,85) (38,84) (37,83) (36,83) (35,82) (36,81) (35,80) (34,80) (33,79) (32,79) (31,78) (30,77) (29,76) (28,75) (27,75) (26,74) (26,73) (25,72) (24,71) (24,70) (23,69) (22,68) (23,67) (22,67) (21,67) (20,67) (19,66) (18,67) (17,67) (16,67) (16,68) (15,69) (14,69) (13,70) (12,70) (11,71) (10,72) (9,72) (8,72) (7,73) (6,73) 
cluster4edge:(16,116) (17,116) 
cluster5edge:(20,14) (21,15) (21,16) (21,17) (22,18) (23,19) (24,20) (25,21) (26,22) (27,23) (28,24) (29,25) (30,25) (31,26) (31,25) (32,24) (33,23) (32,22) (32,21) (33,20) (32,19) (33,18) (34,18) (35,18) (34,17) (34,16) (33,15) (32,14) (31,13) (30,12) (29,13) (28,12) (27,11) (26,12) (25,11) (24,10) (23,10) (22,10) (21,11) (21,12) (21,13) 
cluster6edge:(28,281) (29,282) (30,283) (29,284) (30,285) (31,286) (32,287) (33,287) (34,287) (33,286) (32,285) (33,284) (32,283) (33,282) (34,281) (33,280) (32,280) (31,280) (30,280) (29,280) 
cluster7edge:(30,110) (31,110) 
cluster8edge:(38,26) (39,27) (38,28) (39,29) (40,30) (41,30) (42,30) (43,31) (44,31) (45,31) (46,30) (47,30) (48,30) (49,29) (49,28) (50,27) (50,26) (50,25) (51,24) (51,23) (51,22) (50,21) (50,20) (49,19) (49,18) (48,18) (47,17) (46,17) (45,16) (44,17) (43,18) (42,18) (41,18) (42,19) (42,20) (42,21) (42,22) (41,23) (40,24) (41,25) (40,26) (39,26) 
cluster9edge:(62,157) (63,158) (63,159) (62,160) (63,161) (64,162) (65,162) (66,162) (67,163) (66,164) (65,164) (66,165) (67,165) (68,165) (69,166) (70,166) (71,167) (72,167) (71,166) (72,165) (73,165) (72,164) (73,163) (74,163) (75,163) (74,162) (73,162) (72,161) (73,160) (74,160) (74,159) (73,158) (72,158) (71,157) (71,156) (70,155) (69,155) (68,155) (67,155) (66,155) (65,156) (64,156) (63,156) 
cluster10edge:(77,167) (78,167) 
cluster11edge:(88,141) (89,142) (90,143) (91,142) (92,142) (92,141) (91,141) (90,140) (89,141) 
cluster12edge:(93,92) (93,93) (93,94) (93,95) (93,96) (94,97) (94,98) (95,98) (96,99) (97,100) (98,101) (99,100) (100,101) (101,100) (102,101) (103,100) (103,99) (102,98) (101,97) (100,97) (99,96) (99,95) (98,94) (99,93) (98,93) (97,93) (96,93) (95,93) (94,92) 
cluster13edge:(93,146) (94,146) 
cluster14edge:(94,290) (94,291) (94,292) (95,293) (96,294) (97,295) (98,294) (99,295) (100,294) (101,293) (100,292) (100,291) (99,291) (98,290) (97,289) (96,290) (95,289) 
cluster15edge:(101,240) (102,241) (103,242) (104,243) (105,243) (106,243) (107,243) (108,244) (107,245) (106,245) (105,245) (104,246) (105,246) (106,247) (107,247) (108,248) (109,247) (110,247) (111,247) (112,246) (113,246) (114,246) (115,246) (116,246) (117,246) (116,245) (116,244) (115,243) (114,242) (114,241) (113,240) (112,239) (111,239) (110,238) (109,238) (108,238) (107,237) (106,238) (105,237) (104,238) (103,238) (102,239) 
cluster16edge:(102,94) (103,94) 
cluster17edge:(107,23) (108,23) (109,24) (108,25) (107,25) (108,26) (109,25) (110,25) (111,25) (111,24) (111,23) (110,22) (109,22) (108,21) (108,22) 
cluster18edge:(109,200) (110,201) (111,202) (111,203) (112,203) (113,202) (113,201) (113,200) (114,199) (113,199) (112,198) (111,199) (110,198) (110,199) 
cluster19edge:(111,227) (111,228) (112,229) (111,230) (112,231) (112,232) (113,233) (114,233) (115,234) (116,234) (117,234) (118,235) (119,234) (120,234) (120,233) (119,232) (118,231) (119,230) (118,230) (117,230) (116,229) (117,228) (118,227) (117,227) (116,227) (115,227) (114,227) (113,227) (112,227) 
cluster20edge:(113,249) (114,249) 
cluster21edge:(119,279) (119,280) (119,281) (120,281) (121,281) (122,282) (123,282) (124,282) (125,282) (126,282) (127,282) (128,282) (129,282) (130,281) (129,280) (128,279) (127,279) (126,279) (125,279) (124,278) (123,279) (122,278) (121,278) (120,278) 
cluster22edge:(120,85) (120,86) (121,87) (122,88) (123,87) (124,86) (124,85) (124,84) (123,85) (122,85) (121,85) 
cluster23edge:(124,284) (125,284) 
cluster24edge:(139,289) (140,290) (139,291) (140,292) (140,293) (140,294) (141,294) (142,295) (143,295) (144,295) (145,296) (146,295) (147,296) (148,295) (147,294) (147,293) (147,292) (146,292) (145,292) (144,291) (145,290) (146,289) (147,288) (148,287) (149,287) (150,287) (151,287) (151,286) (150,286) (149,285) (150,284) (149,284) (148,285) (147,286) (146,286) (145,286) (144,286) (143,287) (142,287) (141,288) (140,289) 
cluster25edge:(150,295) (151,295) 
cluster26edge:(153,295) (154,296) (155,297) (156,298) (157,297) (158,296) (159,297) (160,298) (161,297) (162,298) (163,297) (164,298) (165,299) (166,298) (167,297) (168,296) (167,296) (166,295) (167,294) (168,294) (167,293) (167,292) (166,291) (165,290) (164,289) (164,290) (163,291) (162,292) (161,293) (160,294) (159,295) (158,295) (157,294) (156,294) (155,293) (154,294) 
cluster27edge:(155,120) (156,120) 
cluster28edge:(157,121) (157,122) (158,122) 
cluster29edge:(159,112) (160,113) (159,114) (160,114) (161,114) (162,115) (162,116) (163,117) (164,117) (165,117) (166,117) (167,117) (168,117) (169,117) (170,118) (171,118) (172,118) (173,118) (172,117) (172,116) (173,115) (174,114) (173,114) (172,115) (171,115) (170,115) (169,114) (168,114) (167,113) (168,112) (167,111) (166,110) (165,110) (164,110) (163,110) (162,110) (161,110) (160,111) 
cluster30edge:(162,127) (163,128) (164,128) (165,129) (166,129) (167,130) (168,130) (169,130) (168,129) (169,128) (170,128) (171,128) (172,128) (173,127) (174,127) (175,127) (176,127) (175,126) (174,125) (173,125) (172,125) (171,125) (170,125) (169,125) (168,125) (167,125) (166,125) (165,125) (164,126) (163,126) 
cluster31edge:(166,123) (167,123) (168,123) (169,123) (170,122) (169,122) (168,122) (167,122) 
cluster32edge:(171,292) (171,293) (172,293) (173,293) (172,292) 
cluster33edge:(174,122) (175,122) 
cluster34edge:(175,130) (176,130) 
cluster35edge:(178,125) (179,125) 
cluster36edge:(183,75) (183,76) (184,77) (185,76) (186,77) (187,76) (186,75) (186,74) (185,75) (184,76) 
cluster37edge:(198,65) (198,66) (199,67) (200,66) (201,65) (200,65) (199,64) 
cluster38edge:(212,67) (213,68) (214,69) (215,69) (216,69) (217,69) (218,70) (217,71) (216,71) (215,71) (216,72) (216,73) (217,73) (218,73) (219,73) (220,73) (221,73) (222,73) (223,74) (223,75) (224,76) (223,77) (224,77) (225,77) (226,77) (226,76) (227,75) (226,74) (226,73) (225,72) (224,71) (223,70) (222,69) (221,68) (220,69) (219,68) (218,67) (217,68) (216,67) (215,67) (214,68) (213,67) 
cluster39edge:(214,79) (215,80) (216,81) (217,82) (218,82) (219,81) (218,81) (217,80) (216,79) (215,78) 
cluster40edge:(221,211) (222,212) (223,213) (222,214) (223,214) (224,214) (225,214) (225,213) (226,212) (225,211) (225,210) (224,210) (223,210) (222,210) 
cluster41edge:(232,30) (232,31) (232,32) (233,33) (233,34) (234,35) (235,35) (236,35) (237,35) (238,35) (239,35) (240,36) (241,36) (242,36) (243,36) (244,36) (245,36) (246,37) (247,37) (248,37) (249,37) (250,37) (251,37) (252,36) (253,35) (254,34) (253,33) (252,32) (251,31) (250,31) (249,31) (248,30) (247,29) (246,29) (245,29) (244,28) (243,28) (242,28) (241,27) (240,27) (239,27) (238,27) (237,27) (236,27) (235,28) (234,28) (233,29) 
cluster42edge:(232,42) (233,43) (234,44) (235,45) (236,46) (237,47) (238,47) (239,48) (240,49) (241,50) (242,49) (243,50) (244,51) (245,52) (246,52) (247,53) (248,54) (249,54) (250,53) (251,52) (252,51) (253,50) (254,49) (254,48) (254,47) (254,46) (254,45) (253,45) (252,45) (251,45) (250,44) (250,43) (249,42) (248,42) (247,42) (246,41) (245,41) (244,41) (243,41) (242,41) (241,41) (240,41) (239,41) (238,41) (237,41) (236,40) (235,40) (234,40) (233,41) 
cluster43edge:(251,67) (251,68) (252,68) (253,69) (254,70) (254,71) (253,72) (253,73) (253,74) (253,75) (253,76) (253,77) (254,78) (255,79) (256,80) (257,79) (258,78) (259,77) (260,76) (261,75) (262,74) (262,73) (262,72) (261,72) (260,72) (259,72) (258,72) (257,72) (256,71) (257,70) (258,70) (259,69) (258,68) (257,67) (256,66) (256,65) (255,64) (254,65) (253,64) (252,65) (252,66) 
cluster44edge:(255,39) (256,39) 
cluster45edge:(266,45) (267,46) (266,47) (267,47) (268,47) (269,46) (268,45) (267,44) 
cluster46edge:(270,116) (271,117) (272,118) (273,119) (274,118) (273,117) (274,116) (273,115) (272,114) (271,115) 
cluster47edge:(270,270) (270,271) (271,272) (272,273) (273,274) (274,273) (275,272) (276,271) (275,270) (274,269) (273,269) (272,269) (271,269) 
cluster48edge:(271,111) (271,112) 
cluster49edge:(272,162) (273,163) (272,164) (273,165) (274,165) (275,166) (276,166) (277,166) (278,166) (279,166) (280,166) (281,166) (282,165) (283,165) (284,165) (285,165) (286,165) (287,165) (288,165) (289,165) (290,165) (291,164) (290,163) (291,162) (290,161) (289,160) (288,159) (287,158) (286,158) (285,157) (284,157) (283,157) (282,157) (281,157) (280,157) (279,158) (278,158) (277,158) (276,159) (275,160) (274,161) (273,161) 
cluster50edge:(272,208) (273,209) (274,209) (275,209) (276,209) (277,208) (276,208) (275,208) (274,207) (273,207) 
cluster51edge:(277,171) (278,172) (279,172) (280,173) (281,173) (282,173) (283,174) (284,173) (285,174) (286,175) (287,174) (288,175) (289,174) (288,173) (287,172) (286,171) (285,171) (284,170) (283,171) (282,170) (281,170) (280,170) (279,169) (279,170) (278,171) 
cluster52edge:(278,214) (278,215) (279,216) (280,217) (281,217) (282,218) (283,219) (284,220) (285,219) (286,220) (287,219) (288,220) (289,219) (290,218) (291,217) (292,216) (291,215) (292,214) (291,213) (291,212) (291,211) (290,210) (289,209) (288,208) (287,208) (286,208) (285,209) (284,208) (283,208) (282,208) (281,209) (282,209) (283,210) (282,211) (281,211) (280,211) (281,212) (280,213) (279,214) 
cluster53edge:(287,37) (287,38) (287,39) (287,40) (288,41) (289,41) (290,41) (291,41) (292,41) (293,41) (294,41) (295,41) (295,40) (295,39) (296,38) (296,37) (296,36) (295,35) (294,35) (293,35) (292,36) (291,35) (290,35) (289,36) (288,36) 
