cluster1edge:(0,100) (299,101) (298,102) (297,101) (296,102) (297,103) (296,104) (297,105) (297,106) (298,106) (299,107) (0,108) (1,108) (2,108) (3,108) (4,109) (5,109) (6,109) (7,109) (8,110) (9,110) (10,109) (9,108) (10,107) (11,106) (10,105) (9,104) (8,103) (7,102) (6,101) (5,101) (4,100) (3,99) (2,100) (1,99) 
cluster2edge:(0,112) (299,111) (298,112) (297,112) (296,113) (295,114) (296,115) (296,116) (297,117) (297,118) (298,119) (299,120) (0,120) (1,120) (2,121) (3,120) (4,121) (5,121) (6,121) (6,120) (6,119) (5,118) (4,118) (3,117) (4,116) (3,115) (4,114) (3,114) (2,114) (1,114) (0,113) 
cluster3edge:(4,17) (5,18) (5,19) (6,20) (6,19) (6,18) (5,17) 
cluster4edge:(13,204) (14,205) (15,206) (16,207) (17,207) (18,207) (19,207) (19,206) (18,205) (18,204) (17,203) (16,203) (15,203) (14,203) 
cluster5edge:(15,209) (16,209) 
cluster6edge:(22,42) (23,43) (22,44) (23,45) (22,46) (23,47) (23,48) (24,49) (25,49) (26,49) (27,48) (28,49) (29,48) (30,48) (31,47) (30,47) (29,47) (28,46) (29,45) (28,44) (28,43) (29,42) (30,42) (31,41) (32,41) (31,40) (31,39) (30,40) (29,40) (28,39) (27,38) (26,38) (25,37) (24,38) (23,38) (23,39) (24,40) (23,41) 
cluster7edge:(28,29) (29,30) (30,31) (31,30) (32,31) (33,30) (32,29) (31,28) (31,27) (30,28) (29,28) 
cluster8edge:(32,52) (33,53) (34,54) (35,54) (36,55) (37,56) (38,55) (39,54) (39,53) (38,52) (39,51) (38,50) (38,49) (38,48) (38,47) (38,46) (38,45) (37,46) (36,45) (35,46) (35,47) (34,48) (33,49) (33,50) (33,51) 
cluster9edge:(36,228) (36,229) (36,230) (37,231) (38,230) (37,229) 
cluster10edge:(37,41) (38,42) (39,43) (39,44) (40,45) (41,44) (42,44) (43,44) (44,44) (45,44) (46,45) (47,44) (48,45) (49,44) (50,45) (51,44) (51,43) (50,42) (51,41) (50,40) (50,39) (49,38) (48,38) (47,37) (46,36) (46,35) (45,34) (44,34) (43,33) (42,32) (41,33) (41,34) (40,35) (41,35) (42,36) (41,37) (40,37) (39,38) (38,39) (38,40) 
cluster11edge:(46,1) (47,2) (48,2) (49,1) (48,1) (47,1) 
cluster12edge:(65,3) (66,4) (67,5) (66,6) (67,7) (68,7) (69,6) (70,6) (71,6) (72,6) (73,6) (74,6) (75,7) (76,7) (77,6) (77,5) (76,4) (75,4) (74,3) (73,3) (72,2) (71,1) (70,1) (69,1) (68,1) (67,1) (66,2) 
cluster13edge:(70,14) (71,14) 
cluster14edge:(84,157) (84,158) (85,159) (84,160) (84,161) (85,162) (86,163) (87,162) (88,163) (89,163) (90,163) (91,164) (92,164) (93,164) (94,165) (95,166) (96,167) (97,168) (98,169) (99,170) (100,170) (101,170) (102,170) (103,170) (104,170) (105,170) (106,170) (107,170) (108,171) (109,171) (110,170) (111,170) (112,170) (113,170) (114,171) (115,170) (116,169) (115,168) (114,167) (113,166) (112,165) (111,164) (110,164) (109,163) (108,163) (107,163) (106,162) (105,162) (104,162) (103,161) (102,161) (101,160) (100,159) (100,158) (99,159) (98,158) (97,157) (97,156) (96,157) (95,156) (94,155) (93,156) (92,155) (91,156) (90,155) (89,156) (88,155) (87,156) (86,156) (85,157) 
cluster15edge:(97,264) (97,265) (97,266) (97,267) (98,268) (98,269) (99,270) (99,271) (100,271) (101,271) (102,271) (103,271) (104,270) (103,269) (104,268) (105,268) (104,267) (103,267) (102,266) (103,265) (102,264) (101,263) (100,263) (99,263) (98,263) 
cluster16edge:(105,174) (105,175) (105,176) (106,177) (105,178) (106,179) (107,180) (108,180) (109,181) (110,182) (110,183) (111,182) (112,183) (112,184) (113,185) (114,186) (115,187) (116,188) (115,189) (114,190) (115,191) (116,192) (117,193) (118,192) (117,191) (117,190) (117,189) (118,188) (117,187) (116,186) (115,185) (115,184) (116,183) (117,182) (117,181) (118,180) (118,179) (118,178) (117,177) (117,176) (116,176) (115,176) (114,175) (113,175) (112,175) (111,175) (110,174) (109,174) (108,174) (107,174) (106,175) 
cluster17edge:(109,267) (109,268) (110,269) (111,270) (110,271) (111,272) (112,272) (113,272) (114,271) (114,270) (114,269) (113,268) (112,267) (111,267) (110,267) 
cluster18edge:(110,290) (111,290) (112,290) (113,291) (114,290) (115,289) (114,289) (113,288) (112,288) (111,288) (111,289) 
cluster19edge:(120,211) (121,211) 
cluster20edge:(121,110) (122,110) 
cluster21edge:(127,30) (128,30) (129,30) (130,30) (131,30) (132,30) (133,30) (134,30) (135,30) (136,30) (137,31) (136,32) (135,32) (134,32) (133,32) (132,32) (131,32) (130,32) (131,33) (132,33) (133,33) (134,34) (133,35) (132,35) (131,35) (132,36) (132,37) (132,38) (133,39) (133,40) (134,41) (135,42) (135,43) (136,44) (137,44) (138,45) (139,46) (140,46) (141,46) (142,46) (143,45) (144,45) (144,44) (145,43) (144,42) (145,41) (144,40) (143,39) (144,38) (143,38) (142,38) (141,39) (140,39) (139,39) (138,39) (137,39) (136,39) (135,38) (136,37) (135,37) (134,36) (135,35) (136,35) (137,35) (138,35) (139,35) (138,34) (137,33) (138,32) (139,32) (139,31) (139,30) (138,29) (138,28) (137,29) (136,28) (135,29) (134,28) (133,29) (132,28) (131,27) (130,27) (130,28) (129,29) (128,29) 
cluster22edge:(141,36) (142,36) 
cluster23edge:(141,72) (142,73) (143,74) (144,75) (145,75) (146,75) (147,76) (148,76) (149,75) (150,75) (151,74) (152,74) (152,73) (153,72) (154,72) (155,72) (154,71) (154,70) (153,69) (152,68) (151,69) (150,68) (149,69) (148,68) (147,69) (146,70) (145,69) (144,70) (143,71) (142,71) 
cluster24edge:(146,79) (147,79) 
cluster25edge:(148,193) (148,194) (149,195) (149,196) (150,197) (151,197) (152,198) (153,198) (154,198) (155,197) (155,196) (155,195) (156,194) (155,194) (154,194) (153,194) (152,194) (151,194) (150,193) (151,192) (152,192) (153,192) (154,192) (153,191) (153,190) (152,191) (151,191) (150,191) (149,192) 
cluster26edge:(150,220) (150,221) (150,222) (151,223) (152,224) (153,223) (154,223) (155,223) (156,222) (157,221) (158,221) (159,221) (160,220) (161,220) (162,220) (163,220) (164,220) (165,219) (166,220) (166,221) (167,222) (168,221) (169,220) (170,219) (171,219) (172,218) (171,217) (170,216) (169,215) (168,214) (167,214) (166,214) (165,214) (164,214) (163,213) (162,213) (161,213) (160,213) (159,214) (158,214) (157,215) (156,214) (155,215) (154,215) (153,216) (152,217) (151,217) (152,218) (151,219) 
cluster27edge:(153,225) (154,225) 
cluster28edge:(155,143) (155,144) (155,145) (156,145) (157,144) (156,143) (156,142) 
cluster29edge:(158,230) (158,231) (159,230) 
cluster30edge:(173,103) (174,103) 
cluster31edge:(175,259) (176,260) (177,261) (178,261) (179,262) (180,261) (181,261) (182,261) (183,261) (184,261) (185,260) (186,259) (186,258) (187,257) (188,256) (188,255) (187,256) (186,255) (185,256) (184,255) (183,256) (182,257) (181,256) (180,257) (179,256) (178,257) (177,256) (177,257) (176,258) 
cluster32edge:(183,114) (184,114) 
cluster33edge:(183,267) (184,267) (185,268) (186,267) (187,266) (188,265) (187,264) (186,264) (185,265) (184,266) 
cluster34edge:(186,130) (187,130) 
cluster35edge:(193,114) (194,114) (195,115) (195,116) (195,117) (196,118) (197,119) (197,120) (197,121) (196,122) (197,122) (198,123) (199,123) (200,122) (201,122) (202,121) (203,121) (204,120) (203,119) (204,118) (203,117) (204,116) (203,115) (204,114) (204,113) (203,112) (202,111) (201,110) (200,110) (199,110) (198,111) (197,110) (197,111) (196,112) (195,111) (195,112) (194,113) 
cluster36edge:(198,236) (199,237) (199,238) (200,238) (201,238) (202,238) (203,237) (202,237) (201,236) (202,235) (203,235) (204,235) (203,234) (202,234) (201,234) (200,234) (199,234) (199,235) 
cluster37edge:(211,25) (212,25) 
cluster38edge:(211,27) (211,28) (212,29) (212,28) (212,27) 
cluster39edge:(211,217) (211,218) (212,219) (213,218) (213,217) (212,218) 
cluster40edge:(211,221) (212,222) (213,221) (212,221) 
cluster41edge:(214,22) (215,22) 
cluster42edge:(215,225) (216,225) 
cluster43edge:(217,132) (218,132) 
cluster44edge:(219,128) (219,129) (220,129) 
cluster45edge:(220,223) (221,223) (222,223) (221,222) 
cluster46edge:(246,154) (246,155) (247,156) (247,157) (248,158) (249,159) (250,160) (251,160) (252,161) (253,162) (254,162) (255,163) (256,162) (257,162) (258,161) (258,160) (259,159) (258,159) (257,159) (256,158) (255,157) (254,157) (253,157) (252,156) (251,156) (250,155) (249,155) (248,154) (247,154) 
cluster47edge:(248,289) (248,290) (248,291) (248,292) (248,293) (249,294) (250,294) (251,295) (252,295) (253,295) (254,295) (253,294) (253,293) (254,292) (255,292) (256,292) (257,292) (258,292) (257,291) (258,290) (259,290) (258,289) (257,288) (256,287) (255,286) (254,287) (253,286) (252,286) (251,286) (250,287) (249,287) (249,288) 
cluster48edge:(254,152) (255,152) 
cluster49edge:(254,256) (255,257) (255,258) (254,259) (255,259) (256,259) (257,259) (258,259) (259,259) (260,259) (261,259) (262,258) (263,258) (263,257) (264,256) (263,255) (264,254) (263,253) (262,252) (261,253) (260,253) (259,253) (258,253) (257,253) (256,254) (255,255) 
cluster50edge:(257,211) (257,212) (257,213) (257,214) (258,215) (259,216) (260,217) (261,216) (262,215) (263,214) (264,213) (263,212) (262,211) (261,211) (260,211) (259,211) (258,211) 
cluster51edge:(258,55) (259,56) (260,57) (261,57) (260,56) (261,55) (262,55) (262,54) (263,53) (264,53) (265,53) (266,54) (266,55) (265,56) (266,56) (267,56) (268,57) (268,56) (268,55) (267,54) (266,53) (265,52) (264,52) (263,51) (262,52) (261,52) (260,53) (259,54) 
cluster52edge:(264,247) (264,248) (264,249) (264,250) (265,251) (266,252) (267,252) (268,251) (269,251) (269,250) (270,249) (271,249) (272,249) (273,249) (274,249) (275,249) (274,248) (273,247) (273,246) (273,245) (272,245) (271,245) (270,244) (269,244) (268,245) (267,244) (266,245) (265,246) 
cluster53edge:(274,80) (274,81) (274,82) (275,82) (276,82) (277,82) (278,82) (277,81) (278,80) (279,80) (280,80) (280,79) (279,78) (278,79) (277,79) (276,80) (275,79) 
cluster54edge:(276,250) (276,251) (277,252) (278,252) (278,251) (278,250) (277,250) 
cluster55edge:(284,77) (285,77) (286,77) (287,77) (288,77) (287,76) (288,75) (287,75) (286,75) (285,76) 
cluster56edge:(287,87) (287,88) 
cluster57edge:(288,0) (289,1) (290,1) (289,0) 
cluster58edge:(289,84) (289,85) 
cluster59edge:(289,87) (289,88) 
