cluster1edge:(4,68) (5,68) 
cluster2edge:(7,123) (8,124) (7,125) (7,126) (8,127) (9,128) (10,129) (11,129) (10,128) (11,127) (12,127) (13,127) (14,127) (15,127) (16,127) (17,126) (18,126) (19,127) (20,127) (21,127) (21,126) (20,125) (21,124) (22,124) (23,124) (24,124) (25,124) (26,124) (27,123) (28,123) (29,123) (30,123) (31,122) (32,122) (33,122) (32,121) (33,120) (34,120) (35,120) (36,121) (35,122) (36,122) (37,123) (37,124) (38,123) (39,124) (39,125) (40,124) (41,124) (42,125) (43,124) (44,125) (45,125) (46,124) (47,125) (48,124) (49,124) (50,124) (51,124) (52,125) (53,125) (54,126) (55,125) (56,126) (57,127) (58,128) (59,129) (60,130) (61,130) (62,131) (63,131) (64,131) (65,131) (66,131) (67,131) (66,130) (66,129) (67,128) (66,127) (67,126) (68,125) (69,124) (68,124) (67,123) (66,122) (67,121) (66,121) (65,121) (64,121) (63,121) (62,121) (61,121) (60,120) (61,119) (62,119) (63,119) (64,119) (63,118) (63,117) (62,116) (61,116) (60,115) (59,114) (58,113) (57,112) (56,111) (56,110) (55,111) (54,110) (53,109) (52,108) (51,109) (50,108) (49,107) (48,107) (47,107) (46,106) (45,106) (44,105) (43,105) (42,104) (42,103) (41,103) (40,102) (39,101) (38,101) (37,100) (36,100) (35,100) (34,100) (33,100) (32,101) (31,101) (30,102) (29,102) (28,103) (27,104) (26,105) (25,106) (24,107) (23,108) (22,108) (21,109) (20,109) (19,109) (18,110) (17,110) (16,110) (15,111) (14,112) (13,111) (12,112) (12,113) (11,114) (10,115) (9,116) (9,117) (9,118) (8,119) (8,120) (8,121) (8,122) 
cluster3edge:(8,74) (9,75) (10,76) (11,77) (12,76) (13,77) (14,76) (13,75) (13,74) (13,73) (13,72) (12,72) (11,72) (10,73) (9,74) 
cluster4edge:(10,268) (11,268) 
cluster5edge:(13,195) (14,195) 
cluster6edge:(16,134) (17,135) (18,135) (19,134) (18,133) (17,133) 
cluster7edge:(23,129) (24,129) 
cluster8edge:(24,59) (24,60) (25,60) (26,60) (27,61) (28,61) (29,60) (30,60) (31,59) (32,58) (32,57) (32,56) (31,55) (32,54) (31,53) (30,52) (29,51) (28,52) (27,51) (26,52) (25,52) (26,53) (26,54) (26,55) (26,56) (27,56) (28,57) (28,58) (27,59) (26,59) (25,59) 
cluster9edge:(30,24) (31,24) 
cluster10edge:(30,183) (30,184) (30,185) (30,186) (31,187) (32,188) (33,189) (34,188) (35,188) (36,188) (37,187) (38,187) (39,187) (40,187) (41,187) (42,187) (43,187) (44,188) (45,188) (46,188) (47,189) (48,188) (49,189) (50,189) (51,188) (52,188) (53,187) (52,186) (53,185) (53,184) (53,183) (53,182) (52,181) (53,180) (52,179) (51,178) (50,177) (49,178) (48,178) (47,177) (46,178) (45,178) (44,178) (43,178) (42,178) (41,178) (40,178) (39,178) (38,178) (37,178) (38,179) (37,180) (38,181) (39,182) (38,183) (37,183) (36,183) (35,183) (34,183) (33,183) (32,184) (31,183) 
cluster11edge:(32,169) (33,170) (32,171) (33,172) (32,173) (33,174) (34,174) (35,175) (36,175) (37,174) (38,174) (39,174) (40,174) (41,173) (42,173) (43,173) (44,173) (45,173) (46,173) (45,172) (46,171) (45,170) (44,169) (43,169) (42,168) (41,167) (40,167) (39,167) (38,167) (37,167) (36,167) (35,167) (34,168) (33,168) 
cluster12edge:(58,49) (58,50) (58,51) (59,52) (59,53) (60,54) (61,54) (61,53) (62,52) (63,52) (64,52) (64,51) (65,50) (64,49) (64,48) (63,48) (62,47) (63,46) (64,46) (63,45) (62,45) (61,44) (60,44) (59,44) (59,45) (59,46) (59,47) (59,48) 
cluster13edge:(60,102) (61,103) (60,104) (61,104) (62,104) (63,104) (62,103) (63,102) (62,101) (61,102) 
cluster14edge:(64,116) (65,116) 
cluster15edge:(76,293) (76,294) (76,295) (77,295) (78,296) (79,295) (80,296) (80,297) (81,298) (82,299) (83,0) (84,1) (85,0) (86,0) (87,299) (86,298) (87,297) (88,297) (88,296) (87,296) (86,296) (85,295) (86,294) (85,293) (85,292) (84,291) (84,290) (83,291) (82,291) (81,291) (80,291) (79,292) (79,293) (78,294) (77,293) (77,292) 
cluster16edge:(77,180) (78,180) 
cluster17edge:(87,151) (88,152) (87,153) (87,154) (87,155) (88,155) (89,156) (90,157) (91,157) (92,157) (93,158) (94,159) (95,158) (96,159) (97,159) (98,160) (99,160) (100,159) (101,160) (102,159) (103,159) (104,159) (105,158) (106,158) (107,158) (108,157) (109,156) (110,156) (111,155) (112,154) (113,153) (113,152) (114,151) (115,151) (116,150) (117,149) (118,148) (119,148) (120,148) (121,149) (122,148) (123,149) (124,149) (125,149) (126,150) (127,149) (128,150) (129,149) (130,148) (130,147) (129,147) (128,147) (127,146) (126,146) (125,146) (124,146) (123,146) (122,146) (121,146) (120,145) (121,144) (122,144) (123,144) (124,144) (125,144) (126,144) (127,144) (126,143) (125,142) (124,143) (123,142) (122,142) (121,142) (120,142) (119,141) (120,140) (120,139) (119,140) (118,139) (117,138) (116,137) (115,136) (114,136) (113,135) (112,134) (111,133) (110,132) (110,131) (109,131) (108,130) (107,131) (106,131) (105,131) (105,132) (104,133) (105,134) (104,135) (103,136) (102,137) (101,138) (100,139) (99,139) (98,140) (98,141) (97,142) (96,143) (95,144) (94,144) (95,145) (94,146) (93,146) (92,147) (91,147) (90,148) (89,148) (88,149) (89,150) (88,151) 
cluster18edge:(90,263) (90,264) (90,265) (91,266) (92,267) (93,267) (94,268) (93,269) (94,270) (95,271) (96,271) (97,270) (98,270) (99,269) (98,268) (97,267) (98,266) (97,265) (96,264) (95,263) (94,263) (93,262) (92,262) (91,262) 
cluster19edge:(103,98) (103,99) (103,100) (103,101) (104,102) (105,103) (105,104) (106,105) (106,106) (107,106) (108,107) (109,108) (110,107) (111,106) (112,105) (111,105) (110,104) (109,104) (108,103) (107,102) (108,101) (109,100) (108,99) (108,98) (108,97) (107,98) (106,97) (105,97) (104,97) 
cluster20edge:(104,129) (105,129) 
cluster21edge:(106,35) (106,36) (106,37) (107,36) (107,35) 
cluster22edge:(112,42) (112,43) (112,44) (112,45) (113,46) (114,47) (115,47) (116,46) (117,46) (118,45) (118,44) (118,43) (117,42) (117,41) (116,40) (115,39) (114,38) (113,38) (113,39) (113,40) (114,40) (115,40) (116,41) (115,42) (114,42) (113,42) 
cluster23edge:(115,106) (116,106) 
cluster24edge:(119,260) (119,261) (120,262) (120,263) (121,264) (122,265) (123,265) (124,265) (125,264) (126,264) (127,264) (128,263) (128,262) (129,261) (128,260) (128,259) (128,258) (127,257) (126,258) (125,257) (124,258) (125,259) (124,260) (123,260) (122,260) (121,261) (120,260) 
cluster25edge:(133,143) (134,143) (134,142) 
cluster26edge:(142,138) (142,139) (143,140) (142,141) (143,141) (144,140) (145,140) (146,140) (147,140) (148,140) (149,139) (148,138) (147,137) (146,138) (145,139) (144,138) (143,139) 
cluster27edge:(144,92) (145,92) 
cluster28edge:(145,146) (146,147) (147,148) (148,149) (149,150) (149,151) (150,151) (151,152) (152,153) (152,154) (152,155) (152,156) (152,157) (153,158) (153,159) (154,160) (155,161) (156,162) (157,163) (157,164) (158,164) (159,164) (160,164) (161,164) (162,165) (163,165) (164,165) (165,165) (166,164) (166,163) (167,162) (168,162) (167,161) (168,160) (169,160) (170,159) (171,159) (172,159) (171,158) (172,157) (173,157) (174,157) (175,157) (176,157) (175,156) (175,155) (176,154) (177,154) (178,154) (179,154) (178,153) (177,153) (176,153) (175,152) (176,151) (177,151) (177,150) (176,149) (176,148) (175,148) (174,147) (173,148) (172,147) (171,146) (170,145) (169,144) (169,143) (168,143) (167,142) (166,141) (165,140) (164,140) (163,141) (162,142) (161,142) (160,142) (159,142) (158,142) (159,143) (158,144) (157,144) (156,144) (157,145) (156,146) (155,146) (154,146) (153,146) (152,146) (151,146) (150,146) (149,146) (148,146) (147,146) (146,146) 
cluster29edge:(158,94) (159,95) (158,96) (159,97) (159,98) (160,99) (160,100) (161,101) (160,102) (161,102) (162,102) (163,102) (164,102) (165,103) (165,102) (165,101) (166,100) (167,99) (166,98) (167,97) (166,96) (165,96) (164,95) (165,94) (164,93) (163,94) (162,93) (161,92) (161,93) (160,94) (159,94) 
cluster30edge:(158,140) (159,140) 
cluster31edge:(160,85) (161,85) (162,86) (163,87) (164,86) (165,85) (164,84) (163,85) (162,84) (161,84) 
cluster32edge:(164,266) (164,267) (164,268) (165,269) (166,270) (167,270) (168,270) (169,270) (170,269) (169,269) (168,269) (167,268) (167,267) (167,266) (166,265) (165,266) 
cluster33edge:(168,168) (169,169) (170,170) (169,171) (168,171) (169,172) (170,173) (171,174) (171,175) (172,175) (173,176) (174,176) (175,177) (176,177) (177,178) (178,178) (179,178) (180,179) (181,180) (182,180) (183,181) (184,181) (185,181) (186,182) (187,183) (188,183) (189,184) (190,183) (191,184) (192,184) (193,184) (194,185) (195,185) (196,185) (197,185) (198,186) (199,186) (200,186) (201,186) (202,187) (203,187) (204,187) (205,187) (206,186) (206,185) (205,185) (204,184) (205,183) (206,183) (207,182) (206,181) (205,181) (204,180) (205,179) (204,179) (203,179) (202,179) (201,179) (200,178) (199,178) (198,178) (197,177) (198,176) (199,175) (200,175) (201,175) (202,174) (203,174) (204,174) (205,174) (206,174) (207,174) (208,174) (209,174) (210,173) (211,172) (211,171) (211,170) (211,169) (210,168) (210,167) (209,166) (208,165) (207,164) (206,163) (205,162) (204,163) (203,162) (202,161) (201,161) (200,161) (199,162) (198,161) (197,162) (197,163) (198,163) (199,163) (200,164) (200,165) (199,166) (198,166) (197,166) (196,166) (195,166) (194,166) (193,165) (192,165) (191,165) (190,164) (191,163) (192,163) (191,162) (190,162) (189,161) (188,160) (188,159) (187,159) (186,159) (185,159) (184,159) (183,159) (182,159) (183,160) (182,161) (181,161) (180,161) (179,161) (178,161) (179,162) (178,163) (177,163) (176,163) (176,164) (175,165) (174,165) (173,165) (172,165) (172,166) (171,167) (170,167) (169,168) 
cluster34edge:(185,145) (185,146) 
cluster35edge:(222,56) (222,57) (222,58) (222,59) (222,60) (222,61) (222,62) (223,63) (223,64) (224,65) (225,66) (226,65) (226,64) (227,63) (228,63) (229,63) (230,62) (229,61) (229,60) (230,59) (231,58) (230,57) (230,56) (230,55) (230,54) (230,53) (229,54) (228,53) (228,52) (227,52) (226,53) (225,53) (224,54) (223,55) 
cluster36edge:(228,253) (229,253) (230,254) (229,255) (230,255) (231,256) (232,256) (233,256) (234,256) (234,255) (234,254) (235,253) (235,252) (234,251) (233,250) (232,249) (232,248) (231,248) (230,248) (229,249) (229,250) (230,250) (231,251) (230,252) (229,252) 
cluster37edge:(229,36) (230,37) (229,38) (230,38) (231,39) (231,38) (232,37) (232,36) (232,35) (231,35) (230,35) 
cluster38edge:(230,18) (231,18) (232,19) (233,18) (234,19) (235,18) (236,19) (237,20) (238,19) (238,18) (239,17) (238,16) (238,15) (237,16) (236,15) (236,16) (235,17) (234,18) (233,17) (233,16) (232,17) (231,16) (231,17) 
cluster39edge:(241,14) (242,15) (242,16) (243,17) (244,16) (245,15) (246,15) (247,15) (247,14) (246,14) (245,14) (244,14) (243,13) (242,14) 
cluster40edge:(248,276) (248,277) (248,278) (249,279) (248,280) (249,280) (250,281) (251,282) (252,282) (253,282) (254,282) (255,282) (256,281) (255,281) (254,281) (253,280) (254,279) (255,279) (255,278) (256,277) (255,276) (254,275) (253,276) (252,275) (251,275) (250,276) (249,276) 
cluster41edge:(249,219) (249,220) (250,221) (251,222) (252,223) (252,224) (253,224) (254,224) (255,224) (256,223) (257,223) (256,222) (255,221) (255,220) (255,219) (254,219) (253,218) (254,217) (253,217) (252,216) (251,216) (250,217) (250,218) 
cluster42edge:(252,206) (253,207) (253,208) (254,209) (255,208) (256,209) (257,210) (258,209) (259,210) (260,209) (259,208) (258,207) (257,206) (257,205) (256,206) (255,205) (254,204) (253,205) 
cluster43edge:(261,213) (262,214) (261,215) (261,216) (261,217) (262,217) (263,217) (264,217) (265,217) (266,218) (266,219) (267,219) (268,220) (269,220) (270,219) (269,218) (270,217) (269,216) (268,215) (269,214) (268,214) (267,213) (266,213) (265,212) (264,213) (263,212) (262,213) 
cluster44edge:(261,224) (262,224) 
cluster45edge:(270,109) (270,110) (270,111) (270,112) (271,113) (271,114) (271,115) (272,116) (272,117) (273,118) (273,119) (274,120) (275,121) (276,120) (277,119) (278,118) (279,118) (280,118) (281,119) (282,119) (283,120) (284,121) (285,122) (286,121) (287,122) (288,121) (289,120) (290,119) (290,118) (290,117) (291,116) (290,115) (289,114) (288,113) (287,112) (286,112) (285,112) (284,112) (283,112) (282,113) (282,114) (283,115) (282,116) (281,116) (280,117) (279,117) (278,117) (277,116) (276,115) (277,114) (278,114) (278,113) (277,113) (276,112) (276,111) (276,110) (277,109) (278,109) (278,108) (277,107) (278,106) (277,105) (276,104) (275,105) (274,104) (273,105) (272,106) (271,107) (271,108) 
cluster46edge:(279,186) (280,187) (279,188) (280,189) (281,190) (282,190) (283,191) (284,191) (285,191) (286,192) (287,193) (288,192) (287,191) (286,190) (285,190) (284,189) (285,188) (284,188) (283,187) (283,186) (284,185) (283,185) (282,184) (281,184) (280,185) 
