cluster1edge:(0,150) (299,151) (0,152) (0,151) 
cluster2edge:(0,190) (299,190) (298,191) (297,190) (296,191) (296,192) (295,193) (295,194) (295,195) (295,196) (296,197) (296,198) (297,198) (298,198) (299,199) (0,198) (1,197) (0,196) (0,195) (1,194) (2,194) (3,194) (3,193) (2,192) (1,191) 
cluster3edge:(4,159) (4,160) (5,159) (6,159) (7,159) (8,160) (9,159) (8,158) (7,157) (6,157) (5,158) 
cluster4edge:(5,161) (6,161) 
cluster5edge:(5,200) (5,201) (6,202) (6,203) (6,204) (7,205) (8,206) (9,205) (10,205) (11,205) (12,205) (13,205) (13,204) (14,203) (15,202) (15,201) (15,200) (15,199) (15,198) (14,197) (14,196) (13,195) (12,194) (11,194) (10,193) (10,194) (10,195) (10,196) (9,197) (8,197) (7,197) (7,198) (7,199) (6,200) 
cluster6edge:(42,35) (42,36) 
cluster7edge:(42,38) (43,38) (43,37) 
cluster8edge:(44,251) (45,251) 
cluster9edge:(48,246) (48,247) (49,247) (50,248) (51,249) (51,250) (52,249) (53,250) (54,249) (55,248) (56,247) (55,246) (55,245) (54,244) (53,245) (52,246) (51,245) (50,246) (49,246) 
cluster10edge:(57,236) (57,237) (57,238) (58,239) (59,238) (59,237) (59,236) (58,237) 
cluster11edge:(59,186) (59,187) (59,188) (59,189) (60,190) (60,191) (61,190) (62,191) (62,192) (63,192) (64,192) (65,193) (65,192) (66,191) (65,190) (65,189) (66,188) (67,188) (68,187) (68,186) (67,186) (66,185) (65,184) (64,185) (63,184) (62,185) (61,184) (60,185) 
cluster12edge:(65,63) (65,64) (66,63) 
cluster13edge:(70,193) (71,194) (71,195) (71,196) (72,197) (73,198) (74,198) (75,199) (76,199) (77,200) (78,200) (79,200) (80,201) (81,202) (82,201) (83,202) (84,203) (85,204) (85,205) (85,206) (86,206) (87,207) (88,207) (89,207) (90,207) (91,207) (92,206) (93,205) (94,204) (93,203) (94,202) (94,201) (93,200) (93,199) (92,198) (91,197) (90,196) (89,195) (88,194) (88,193) (87,192) (86,193) (85,192) (84,193) (83,192) (82,193) (81,192) (80,193) (79,192) (78,192) (77,192) (76,191) (75,190) (74,191) (73,190) (72,189) (72,190) (71,191) (72,192) (71,193) 
cluster14edge:(81,129) (81,130) (81,131) (81,132) (82,133) (82,134) (83,135) (84,135) (85,135) (86,135) (87,135) (86,134) (86,133) (87,132) (88,132) (89,132) (89,131) (90,130) (89,130) (88,129) (88,128) (87,129) (86,128) (85,129) (84,128) (83,129) (82,128) 
cluster15edge:(83,288) (84,289) (83,290) (83,291) (83,292) (84,293) (85,292) (86,293) (87,294) (87,295) (88,296) (88,295) (89,294) (90,294) (91,294) (92,294) (93,294) (94,294) (95,294) (96,294) (97,293) (98,293) (99,292) (99,291) (100,290) (101,290) (100,289) (99,288) (98,287) (99,286) (98,286) (97,285) (98,284) (99,284) (98,283) (97,284) (96,283) (95,283) (94,283) (93,283) (92,283) (91,283) (90,283) (89,284) (88,285) (87,285) (86,286) (85,287) (84,287) 
cluster16edge:(87,11) (88,12) (89,13) (89,14) (90,13) (91,13) (92,13) (93,13) (94,13) (93,12) (93,11) (93,10) (92,10) (91,10) (90,10) (89,9) (88,10) 
cluster17edge:(87,106) (87,107) 
cluster18edge:(88,108) (88,109) 
cluster19edge:(89,106) (89,107) 
cluster20edge:(90,136) (91,136) 
cluster21edge:(92,93) (93,93) 
cluster22edge:(92,105) (93,105) 
cluster23edge:(94,142) (94,143) (95,143) (96,142) (97,142) (96,141) (97,140) (98,140) (99,140) (100,140) (101,140) (100,139) (100,138) (101,137) (102,137) (102,136) (103,135) (102,135) (101,134) (100,133) (99,133) (98,133) (97,132) (96,133) (96,134) (95,135) (95,136) (96,137) (97,138) (96,139) (96,140) (95,141) 
cluster24edge:(94,173) (95,174) (94,175) (95,176) (96,177) (97,177) (98,176) (97,175) (96,174) (96,173) (96,172) (95,172) 
cluster25edge:(95,18) (96,18) 
cluster26edge:(98,252) (99,253) (100,252) (99,252) 
cluster27edge:(99,12) (100,13) (101,13) (102,13) (103,13) (104,13) (105,14) (106,15) (107,15) (106,14) (106,13) (105,13) (104,12) (103,12) (102,11) (101,12) (100,12) 
cluster28edge:(99,146) (100,146) 
cluster29edge:(102,146) (103,146) 
cluster30edge:(104,137) (105,137) 
cluster31edge:(106,136) (107,137) (107,138) (106,139) (107,139) (108,138) (109,139) (109,140) (110,139) (111,140) (112,139) (113,139) (114,140) (113,141) (114,142) (115,143) (116,144) (116,145) (117,145) (118,145) (119,146) (119,147) (120,148) (121,148) (122,148) (123,148) (124,149) (125,150) (126,151) (127,152) (127,151) (126,150) (127,149) (126,148) (125,148) (124,147) (125,146) (124,145) (123,144) (122,144) (121,143) (120,142) (120,141) (119,141) (118,140) (117,141) (116,140) (115,139) (114,138) (115,137) (114,136) (113,135) (112,134) (111,133) (110,134) (109,133) (108,134) (108,135) (107,136) 
cluster32edge:(113,71) (113,72) (114,72) (115,73) (116,74) (117,73) (118,74) (118,73) (119,72) (118,71) (118,70) (119,69) (120,69) (121,69) (120,68) (119,67) (118,68) (117,67) (116,68) (115,69) (114,70) 
cluster33edge:(118,28) (119,29) (118,30) (119,31) (120,31) (121,32) (122,31) (123,31) (122,30) (121,30) (120,29) (119,28) 
cluster34edge:(125,73) (125,74) (125,75) (126,75) (127,75) (128,76) (127,77) (126,77) (127,78) (128,79) (129,79) (130,80) (131,80) (132,80) (133,80) (134,79) (135,78) (136,77) (136,76) (136,75) (135,74) (134,73) (133,72) (132,72) (131,73) (130,72) (129,72) (128,72) (127,73) (126,73) 
cluster35edge:(129,0) (129,1) (130,2) (130,3) (131,4) (132,5) (132,6) (133,5) (134,5) (135,4) (134,4) (133,4) (132,3) (133,2) (134,2) (135,2) (136,2) (135,1) (135,0) (136,299) (135,298) (136,297) (135,296) (136,295) (135,295) (134,295) (133,296) (132,296) (131,296) (130,296) (129,296) (129,297) (129,298) (129,299) 
cluster36edge:(137,65) (137,66) 
cluster37edge:(138,5) (139,6) (140,6) (141,7) (141,8) (141,9) (142,10) (143,10) (144,10) (145,11) (146,10) (147,11) (148,10) (149,11) (150,10) (151,10) (152,10) (152,9) (153,8) (154,7) (153,6) (153,5) (153,4) (153,3) (152,2) (152,1) (152,0) (151,299) (150,298) (149,297) (148,296) (147,295) (146,295) (145,295) (144,295) (143,295) (142,295) (142,296) (143,297) (142,298) (141,299) (142,0) (142,1) (141,2) (142,3) (141,4) (140,4) (139,4) 
cluster38edge:(143,208) (144,208) 
cluster39edge:(143,211) (144,211) (145,211) (146,211) (147,210) (146,210) (145,210) (144,210) 
cluster40edge:(155,97) (155,98) (155,99) (155,100) (156,101) (156,102) (157,103) (158,104) (159,105) (160,104) (161,105) (162,105) (163,106) (164,105) (165,104) (166,104) (165,103) (164,103) (163,102) (162,102) (161,102) (160,101) (161,100) (162,100) (163,99) (162,99) (161,98) (160,98) (159,97) (160,96) (159,95) (158,96) (157,95) (156,96) 
cluster41edge:(163,18) (163,19) (163,20) (163,21) (164,22) (163,23) (164,23) (165,24) (166,25) (166,26) (167,25) (168,26) (169,26) (170,25) (169,25) (168,24) (169,23) (170,23) (171,22) (172,22) (173,22) (174,21) (174,20) (174,19) (174,18) (173,17) (172,17) (171,16) (170,17) (169,16) (168,16) (167,16) (166,16) (165,16) (164,17) 
cluster42edge:(166,92) (166,93) (166,94) (167,95) (167,96) (168,96) (169,97) (168,98) (168,99) (169,100) (170,100) (171,100) (172,100) (173,101) (172,102) (171,102) (172,103) (171,104) (170,104) (171,105) (172,105) (173,106) (174,107) (175,107) (176,108) (177,108) (178,107) (179,108) (180,107) (180,106) (181,105) (182,104) (182,103) (183,102) (184,103) (185,102) (186,101) (187,102) (188,103) (189,102) (190,103) (191,103) (192,103) (192,102) (193,101) (192,101) (191,100) (191,99) (190,99) (189,98) (188,99) (187,98) (186,99) (185,99) (184,100) (183,101) (182,100) (182,99) (181,98) (180,98) (179,97) (178,96) (177,96) (176,95) (176,94) (175,94) (174,93) (173,92) (172,92) (171,91) (170,91) (169,91) (168,91) (167,91) 
cluster43edge:(168,288) (169,289) (170,289) (171,289) (170,288) (169,287) 
cluster44edge:(176,26) (177,26) 
cluster45edge:(193,196) (193,197) (194,198) (195,197) (196,196) (195,195) (196,194) (195,194) (194,195) 
cluster46edge:(207,234) (208,235) (207,236) (208,237) (208,238) (208,239) (209,240) (210,241) (211,241) (212,242) (213,242) (214,242) (215,243) (216,242) (215,241) (216,240) (215,239) (216,238) (215,237) (216,236) (215,235) (216,234) (217,234) (216,233) (217,232) (217,231) (216,231) (215,231) (214,231) (213,232) (212,231) (211,232) (210,233) (209,234) (208,233) 
cluster47edge:(209,97) (209,98) (210,99) (211,98) (212,99) (213,99) (214,99) (213,98) (213,97) (212,97) (211,96) (210,96) 
cluster48edge:(211,289) (212,290) (212,291) (212,292) (212,293) (212,294) (213,295) (213,296) (214,297) (215,298) (216,299) (217,0) (218,0) (219,1) (220,2) (221,2) (222,2) (223,2) (224,2) (225,2) (226,2) (227,2) (228,2) (229,1) (230,0) (229,0) (228,1) (227,1) (226,1) (225,1) (224,1) (223,1) (222,0) (223,299) (224,298) (225,298) (225,297) (225,296) (226,295) (227,295) (228,295) (229,296) (230,296) (231,295) (232,295) (231,294) (230,294) (229,294) (228,293) (227,293) (226,293) (225,293) (224,292) (225,291) (226,291) (225,290) (225,289) (224,289) (223,289) (222,288) (223,287) (222,287) (221,287) (220,286) (221,285) (222,285) (223,285) (222,284) (221,283) (220,282) (219,282) (218,282) (217,282) (216,283) (215,283) (214,284) (213,285) (212,286) (212,287) (212,288) 
cluster49edge:(216,99) (217,99) (218,99) (217,98) 
cluster50edge:(220,119) (221,120) (222,120) (223,120) (224,120) (224,119) (223,118) (222,117) (221,118) 
cluster51edge:(220,233) (221,234) (222,234) (223,235) (224,234) (225,233) (224,232) (223,231) (222,230) (221,231) (221,232) 
cluster52edge:(222,106) (223,107) (222,108) (223,109) (224,109) (225,109) (226,109) (227,109) (228,108) (228,107) (229,106) (228,106) (227,106) (226,106) (225,106) (224,106) (223,106) 
cluster53edge:(227,5) (227,6) (227,7) (228,8) (229,8) (230,9) (231,8) (232,9) (232,8) (233,7) (232,7) (231,7) (230,6) (230,5) (231,4) (231,3) (230,3) (229,4) (228,5) 
cluster54edge:(228,125) (228,126) (228,127) (228,128) (229,128) (230,129) (231,130) (232,130) (233,130) (234,130) (235,130) (236,130) (237,129) (238,129) (239,128) (239,127) (239,126) (239,125) (239,124) (240,123) (239,122) (238,122) (237,121) (236,120) (235,120) (234,121) (233,121) (232,121) (231,122) (230,123) (229,123) (229,124) 
cluster55edge:(229,201) (229,202) (229,203) (229,204) (229,205) (229,206) (230,207) (231,208) (232,209) (233,209) (234,210) (235,210) (236,209) (237,208) (238,208) (239,208) (239,207) (240,206) (241,205) (240,205) (239,204) (239,203) (238,203) (237,203) (236,202) (237,201) (236,201) (235,201) (234,201) (233,201) (232,200) (231,200) (230,199) (230,200) 
cluster56edge:(229,284) (230,285) (230,286) (230,287) (231,287) (232,288) (231,289) (230,289) (229,289) (229,290) (230,290) (231,290) (232,291) (233,291) (234,292) (235,292) (236,292) (237,291) (236,290) (237,289) (238,289) (239,289) (240,289) (240,288) (239,287) (238,286) (237,286) (236,285) (235,284) (234,283) (233,283) (232,283) (231,283) (230,283) 
cluster57edge:(232,195) (233,195) 
cluster58edge:(233,143) (233,144) (233,145) (233,146) (233,147) (233,148) (233,149) (234,150) (234,151) (235,152) (236,153) (236,154) (237,154) (238,155) (239,155) (240,156) (241,155) (242,155) (243,155) (244,155) (245,155) (246,155) (245,154) (246,153) (247,153) (248,153) (247,152) (246,151) (247,150) (248,149) (247,149) (246,149) (245,148) (246,147) (247,147) (248,147) (248,146) (247,146) (246,145) (245,144) (246,143) (246,142) (245,141) (245,140) (245,139) (244,138) (243,139) (242,138) (241,139) (240,138) (239,139) (238,138) (237,139) (236,140) (235,139) (235,140) (234,141) (234,142) 
cluster59edge:(236,1) (237,1) 
cluster60edge:(248,161) (248,162) (248,163) (249,162) (250,163) (251,162) (252,162) (253,162) (254,162) (253,161) (252,161) (251,161) (250,161) (249,161) 
cluster61edge:(249,158) (250,158) 
cluster62edge:(250,79) (251,80) (252,80) (251,79) 
cluster63edge:(252,144) (253,145) (252,146) (252,147) (253,147) (254,147) (255,148) (254,149) (253,149) (254,150) (253,151) (254,152) (253,153) (254,153) (255,154) (254,155) (255,155) (256,156) (255,157) (254,157) (255,158) (256,158) (257,158) (258,158) (259,158) (260,158) (261,159) (260,160) (259,160) (260,161) (261,162) (262,162) (263,162) (264,161) (265,161) (266,160) (266,159) (266,158) (267,157) (266,156) (267,155) (267,154) (266,153) (266,152) (265,151) (266,150) (265,149) (264,148) (264,147) (263,146) (262,145) (261,144) (260,143) (259,143) (258,142) (257,142) (256,142) (255,142) (254,142) (253,143) 
cluster64edge:(253,84) (254,84) 
cluster65edge:(258,101) (259,101) (260,100) (259,99) (259,100) 
cluster66edge:(266,66) (267,67) (268,67) (269,68) (270,69) (271,69) (272,68) (271,67) (270,66) (269,66) (268,66) (267,66) 
cluster67edge:(266,245) (267,245) 
cluster68edge:(267,63) (268,63) 
cluster69edge:(280,219) (280,220) (281,221) (281,222) (282,222) (283,222) (284,222) (285,221) (284,220) (283,220) (282,219) (281,220) 
cluster70edge:(282,285) (282,286) 
