cluster1edge:(0,128) (299,127) (298,127) (297,127) (296,127) (295,127) (294,128) (293,128) (292,128) (291,128) (292,129) (293,130) (294,130) (295,131) (296,132) (297,131) (298,132) (299,133) (0,134) (299,135) (0,135) (1,136) (2,137) (1,138) (2,139) (2,140) (3,141) (4,142) (4,143) (5,143) (6,144) (7,145) (6,146) (5,147) (5,148) (6,149) (7,150) (8,149) (9,148) (8,147) (8,146) (9,145) (10,144) (11,145) (12,144) (13,143) (13,142) (13,141) (14,140) (13,139) (14,138) (15,138) (14,137) (13,136) (14,135) (15,134) (16,133) (15,133) (14,132) (15,131) (14,131) (13,131) (12,130) (13,129) (14,129) (14,128) (14,127) (13,127) (12,126) (13,125) (12,125) (11,125) (10,125) (9,124) (8,125) (7,125) (6,126) (5,125) (4,126) (3,127) (2,127) (1,128) 
cluster2edge:(10,34) (11,34) 
cluster3edge:(13,68) (14,69) (15,70) (16,71) (17,72) (18,73) (19,72) (18,71) (17,70) (16,69) (15,68) (14,68) 
cluster4edge:(13,193) (13,194) (14,195) (15,196) (16,195) (15,195) (14,194) (15,193) (14,192) 
cluster5edge:(15,157) (16,157) 
cluster6edge:(20,187) (21,187) (22,188) (22,189) (23,188) (23,187) (22,186) (21,186) 
cluster7edge:(20,195) (20,196) (21,196) 
cluster8edge:(22,290) (23,291) (22,292) (23,293) (23,294) (24,295) (25,294) (26,295) (27,294) (28,295) (29,295) (30,295) (31,295) (31,294) (30,293) (29,292) (29,291) (28,291) (27,291) (26,291) (25,291) (24,290) (23,290) 
cluster9edge:(29,247) (30,247) 
cluster10edge:(33,247) (34,247) 
cluster11edge:(36,229) (36,230) (36,231) (37,231) (38,231) (39,231) (40,231) (41,232) (41,233) (42,233) (43,233) (44,233) (45,233) (46,233) (47,233) (48,233) (48,232) (47,231) (46,230) (45,229) (44,228) (43,227) (42,228) (41,227) (40,228) (39,227) (38,228) (37,228) 
cluster12edge:(39,11) (40,12) (41,11) (40,10) 
cluster13edge:(41,238) (41,239) (42,240) (43,239) (42,238) 
cluster14edge:(47,13) (48,13) 
cluster15edge:(55,94) (55,95) 
cluster16edge:(56,34) (56,35) (57,36) (57,37) (58,38) (59,37) (60,38) (61,37) (62,36) (63,37) (63,36) (63,35) (62,34) (61,33) (60,32) (59,33) (58,34) (57,33) 
cluster17edge:(60,102) (60,103) (60,104) (60,105) (61,106) (62,106) (63,107) (64,108) (65,109) (66,110) (65,111) (66,112) (66,113) (66,114) (66,115) (66,116) (65,117) (66,117) (67,117) (68,118) (69,118) (70,118) (71,119) (71,120) (72,119) (73,120) (74,120) (75,120) (76,120) (77,121) (78,121) (79,121) (80,121) (81,121) (82,122) (82,121) (82,120) (81,120) (80,119) (81,118) (82,117) (81,117) (80,117) (79,116) (80,115) (81,114) (82,114) (82,113) (81,113) (80,113) (79,112) (80,111) (81,111) (80,110) (79,109) (79,108) (80,107) (81,107) (80,106) (79,105) (78,104) (79,103) (80,103) (79,102) (78,102) (77,102) (76,101) (76,100) (75,100) (74,100) (73,99) (72,100) (71,99) (70,100) (69,99) (68,99) (67,99) (66,98) (65,99) (64,100) (63,101) (62,101) (61,101) 
cluster18edge:(65,33) (66,34) (66,35) (67,34) (68,34) (67,33) (68,32) (67,32) (66,32) 
cluster19edge:(65,252) (66,253) (66,254) (66,255) (67,256) (68,257) (69,258) (70,259) (71,259) (72,259) (73,259) (73,258) (73,257) (74,256) (75,255) (75,254) (74,254) (73,253) (74,252) (73,252) (72,251) (73,250) (74,250) (75,250) (74,249) (75,248) (76,248) (77,248) (76,247) (75,246) (74,245) (73,245) (72,244) (71,244) (70,245) (69,246) (68,245) (68,246) (68,247) (67,248) (66,249) (66,250) (66,251) 
cluster20edge:(74,128) (75,129) (74,130) (75,131) (75,132) (75,133) (76,134) (77,135) (78,136) (78,137) (79,138) (80,139) (79,140) (80,141) (80,142) (81,143) (82,144) (83,144) (84,144) (85,143) (84,143) (83,142) (84,141) (85,141) (86,141) (87,142) (88,142) (89,143) (88,144) (87,145) (88,145) (89,145) (90,146) (90,147) (89,148) (88,148) (87,148) (86,148) (87,149) (86,150) (87,151) (87,152) (87,153) (88,154) (88,155) (89,155) (90,156) (89,157) (89,158) (90,159) (89,160) (88,160) (89,161) (90,161) (91,162) (90,163) (91,164) (91,165) (91,166) (92,167) (91,168) (92,169) (92,170) (93,171) (94,172) (95,173) (96,174) (96,175) (97,176) (98,176) (99,176) (100,175) (101,174) (101,173) (102,172) (102,171) (103,170) (103,169) (103,168) (103,167) (104,166) (103,165) (104,164) (103,163) (103,162) (104,161) (103,160) (102,159) (101,158) (100,159) (99,158) (98,159) (97,158) (97,157) (98,156) (98,155) (98,154) (97,153) (98,152) (98,151) (98,150) (98,149) (98,148) (98,147) (99,146) (98,145) (98,144) (98,143) (98,142) (97,141) (96,140) (97,139) (96,139) (95,138) (94,139) (93,139) (92,139) (91,140) (90,140) (89,141) (88,141) (87,141) (86,140) (85,139) (86,138) (85,138) (84,137) (85,136) (86,136) (86,135) (87,134) (86,133) (85,132) (86,131) (86,130) (86,129) (85,129) (84,129) (83,129) (82,128) (81,128) (80,128) (79,128) (78,128) (77,128) (76,128) (75,127) 
cluster21edge:(79,159) (79,160) (80,161) (79,162) (80,163) (81,164) (81,165) (82,166) (83,165) (84,166) (85,165) (84,164) (85,163) (84,162) (85,161) (84,160) (83,159) (84,158) (84,157) (83,158) (82,157) (81,157) (80,158) 
cluster22edge:(80,123) (81,123) 
cluster23edge:(95,36) (96,36) (97,35) (96,35) 
cluster24edge:(99,28) (100,29) (99,30) (99,31) (100,32) (101,32) (102,32) (103,33) (103,34) (103,35) (104,36) (105,36) (106,36) (107,37) (108,36) (109,35) (110,34) (109,33) (109,32) (108,31) (107,31) (106,30) (105,29) (104,29) (103,28) (102,28) (101,28) (100,27) 
cluster25edge:(101,140) (102,141) (103,142) (104,143) (105,143) (106,143) (107,144) (108,145) (109,144) (110,143) (111,142) (111,141) (112,140) (111,140) (110,139) (109,138) (108,137) (107,137) (106,137) (105,137) (104,137) (103,138) (102,139) 
cluster26edge:(105,192) (106,192) 
cluster27edge:(105,194) (106,194) 
cluster28edge:(112,44) (112,45) (113,45) 
cluster29edge:(112,47) (113,47) 
cluster30edge:(138,297) (139,298) (140,299) (141,299) (140,298) (141,297) (142,297) (143,297) (144,297) (144,296) (143,295) (142,294) (143,293) (142,293) (141,293) (140,293) (139,294) (139,295) (139,296) 
cluster31edge:(149,160) (150,160) (151,161) (150,162) (150,163) (151,164) (152,165) (153,165) (154,166) (153,167) (154,168) (154,169) (155,169) (156,169) (157,170) (156,171) (156,172) (157,172) (158,173) (159,173) (160,174) (161,174) (162,175) (163,175) (164,176) (165,175) (166,176) (167,175) (166,174) (167,173) (168,173) (169,173) (168,172) (167,171) (166,170) (166,169) (165,168) (164,167) (164,166) (163,165) (163,164) (163,163) (162,162) (161,163) (160,162) (160,161) (159,160) (158,160) (157,159) (156,159) (155,159) (154,159) (153,158) (152,159) (151,159) (150,159) 
cluster32edge:(152,89) (153,90) (153,91) (154,92) (154,91) (155,90) (156,90) (157,90) (157,89) (158,88) (159,88) (160,87) (160,86) (159,85) (158,86) (157,85) (156,86) (155,86) (154,86) (154,87) (153,88) 
cluster33edge:(161,94) (162,95) (163,95) (164,95) (165,95) (166,96) (165,97) (164,97) (163,97) (162,97) (163,98) (162,99) (163,99) (164,100) (165,100) (166,100) (167,101) (168,100) (169,101) (170,100) (171,101) (172,100) (173,101) (174,101) (175,101) (176,101) (177,102) (178,102) (179,102) (180,102) (181,102) (182,102) (182,101) (183,100) (184,100) (184,99) (185,98) (186,98) (187,98) (188,99) (188,100) (189,101) (188,102) (187,102) (188,103) (189,103) (190,103) (191,103) (192,103) (193,104) (193,105) (194,105) (195,105) (196,105) (197,104) (198,105) (199,104) (200,103) (201,102) (202,101) (202,100) (202,99) (203,98) (202,97) (203,96) (202,95) (203,94) (202,93) (201,92) (200,92) (199,92) (198,91) (197,91) (196,91) (195,91) (194,91) (193,90) (192,90) (191,90) (190,90) (189,90) (188,90) (187,90) (186,90) (185,90) (184,90) (183,90) (182,90) (181,90) (180,90) (179,90) (178,90) (177,90) (176,90) (175,89) (174,89) (173,89) (172,89) (171,89) (170,90) (169,90) (168,90) (167,91) (167,92) (166,93) (165,93) (164,93) (163,93) (162,94) 
cluster34edge:(162,290) (163,290) 
cluster35edge:(166,209) (167,210) (167,211) (168,212) (168,213) (169,214) (169,215) (170,214) (171,214) (172,213) (173,213) (174,212) (175,211) (174,211) (173,211) (172,210) (173,209) (174,208) (173,207) (172,206) (171,206) (170,206) (169,207) (168,206) (167,207) (167,208) 
cluster36edge:(177,209) (178,209) 
cluster37edge:(177,297) (177,298) 
cluster38edge:(178,211) (179,211) 
cluster39edge:(186,81) (186,82) (187,82) (188,82) (189,82) (190,82) (191,82) (192,83) (192,84) (193,84) (194,84) (193,83) (194,82) (193,81) (192,80) (191,79) (190,79) (189,80) (188,80) (187,80) 
cluster40edge:(207,216) (208,217) (207,218) (207,219) (207,220) (208,221) (209,222) (209,223) (209,224) (210,224) (211,225) (212,226) (213,227) (214,228) (215,229) (216,230) (217,231) (218,230) (219,231) (220,232) (221,231) (222,230) (223,231) (224,230) (225,229) (224,228) (225,227) (224,226) (223,226) (222,225) (221,225) (220,224) (219,224) (218,223) (219,222) (220,222) (219,221) (218,221) (217,221) (216,221) (215,220) (214,220) (213,220) (212,219) (213,218) (212,217) (212,216) (211,216) (210,216) (209,215) (209,214) (208,215) 
cluster41edge:(218,214) (219,215) (219,216) (220,216) (221,216) (222,217) (223,218) (224,218) (225,219) (225,220) (226,221) (226,222) (227,222) (228,222) (229,222) (230,222) (231,223) (232,223) (233,223) (234,224) (235,225) (236,226) (237,227) (238,228) (239,227) (240,227) (241,228) (242,228) (243,227) (244,226) (243,226) (242,225) (241,225) (240,225) (239,224) (238,224) (237,223) (236,222) (235,221) (234,220) (233,219) (232,218) (231,217) (230,216) (229,215) (228,214) (227,214) (226,214) (225,213) (224,213) (223,213) (222,213) (221,213) (220,213) (219,213) 
cluster42edge:(220,188) (220,189) (220,190) (221,191) (222,190) (223,190) (224,190) (223,189) (224,188) (225,188) (226,188) (225,187) (224,187) (223,186) (222,187) (221,187) 
cluster43edge:(227,278) (227,279) 
cluster44edge:(229,285) (230,286) (231,287) (232,288) (233,287) (232,286) (231,285) (230,284) 
cluster45edge:(235,297) (235,298) (236,299) (237,299) (237,298) (237,297) (236,297) 
cluster46edge:(237,241) (237,242) 
cluster47edge:(238,0) (239,0) 
cluster48edge:(240,91) (241,91) 
cluster49edge:(242,1) (243,1) 
cluster50edge:(243,232) (244,232) 
cluster51edge:(255,94) (256,94) (257,95) (258,95) (259,95) (259,94) (259,93) (258,92) (257,92) (256,93) 
cluster52edge:(261,207) (261,208) (262,208) (263,208) (264,209) (263,210) (262,210) (263,211) (264,211) (265,211) (266,210) (267,209) (266,208) (266,207) (265,206) (264,205) (263,206) (262,207) 
cluster53edge:(267,149) (267,150) (268,150) 
cluster54edge:(279,126) (279,127) (279,128) (279,129) (279,130) (279,131) (280,132) (281,131) (282,130) (283,130) (284,129) (285,128) (286,127) (285,127) (284,126) (285,125) (286,125) (287,125) (288,125) (289,125) (288,124) (289,123) (290,122) (291,121) (290,120) (289,119) (288,120) (287,119) (286,120) (285,120) (284,121) (283,122) (282,123) (281,124) (280,125) 
cluster55edge:(289,233) (290,233) (291,234) (292,233) (291,232) (290,231) (290,232) 
