cluster1edge:(0,0) (1,1) (2,1) (3,0) (4,0) (5,299) (6,298) (6,297) (7,296) (8,295) (9,295) (10,296) (11,295) (12,296) (13,296) (14,296) (15,296) (16,297) (17,298) (18,297) (19,298) (20,298) (21,298) (22,297) (23,298) (24,297) (25,297) (26,297) (26,296) (27,295) (26,294) (25,293) (24,292) (24,291) (23,290) (22,289) (22,288) (21,288) (20,288) (19,288) (18,288) (17,288) (16,288) (15,288) (14,288) (13,289) (12,289) (11,290) (10,290) (9,291) (8,291) (7,291) (6,292) (5,293) (4,293) (3,294) (2,293) (1,293) (0,293) (299,294) (298,295) (299,296) (299,297) (299,298) (298,299) (299,0) 
cluster2edge:(0,277) (299,278) (0,279) (299,280) (299,281) (298,282) (298,283) (298,284) (299,285) (299,286) (0,287) (0,288) (1,289) (2,288) (3,287) (4,287) (5,286) (6,286) (7,286) (8,285) (9,284) (10,284) (11,284) (12,284) (13,284) (14,284) (15,284) (16,284) (15,283) (15,282) (14,281) (14,280) (13,279) (12,279) (11,278) (10,278) (9,277) (8,277) (7,276) (6,277) (5,276) (4,277) (3,276) (2,277) (1,277) 
cluster3edge:(8,63) (9,63) 
cluster4edge:(10,55) (10,56) (11,57) (11,58) (11,59) (11,60) (12,60) (13,61) (14,61) (15,60) (14,59) (15,58) (16,58) (17,58) (18,58) (19,58) (20,58) (21,58) (22,58) (22,57) (21,57) (20,56) (21,55) (22,55) (23,55) (22,54) (23,53) (22,52) (21,52) (20,51) (19,52) (18,52) (17,51) (16,51) (15,52) (14,52) (13,52) (12,53) (11,53) (11,54) 
cluster5edge:(12,64) (12,65) (12,66) (12,67) (12,68) (12,69) (13,70) (13,71) (14,71) (15,72) (16,73) (17,73) (18,74) (19,75) (20,74) (21,75) (22,74) (23,75) (24,75) (25,76) (26,76) (27,76) (28,76) (29,76) (30,76) (31,76) (32,75) (33,75) (34,74) (35,75) (36,74) (36,73) (37,72) (36,71) (37,70) (36,69) (37,68) (36,67) (37,66) (38,65) (37,64) (38,63) (38,62) (38,61) (37,60) (38,59) (37,58) (37,57) (37,56) (37,55) (36,54) (36,53) (35,54) (34,53) (33,54) (32,55) (33,56) (32,57) (31,57) (30,57) (29,57) (30,58) (31,58) (32,59) (31,60) (30,60) (29,61) (30,61) (31,61) (32,61) (33,61) (34,62) (33,63) (32,64) (31,64) (30,64) (29,65) (28,65) (27,65) (26,64) (25,64) (24,64) (23,63) (22,63) (21,63) (20,63) (19,64) (18,64) (17,64) (16,64) (15,64) (14,64) (13,64) 
cluster6edge:(13,146) (13,147) (13,148) (13,149) (13,150) (14,151) (14,152) (14,153) (15,154) (15,155) (16,156) (17,156) (18,157) (19,157) (20,157) (21,156) (22,156) (23,155) (24,155) (25,155) (24,154) (24,153) (25,152) (24,151) (23,151) (22,150) (23,149) (24,149) (23,148) (24,147) (23,147) (22,146) (22,145) (23,144) (24,143) (23,143) (22,143) (21,142) (22,141) (23,141) (22,140) (21,141) (20,141) (19,141) (18,142) (17,141) (16,142) (15,142) (14,143) (15,144) (14,145) 
cluster7edge:(18,187) (18,188) (18,189) (18,190) (18,191) (18,192) (18,193) (19,194) (20,195) (21,194) (22,193) (23,194) (23,193) (23,192) (22,192) (21,192) (20,191) (21,190) (22,190) (23,189) (24,189) (23,188) (24,187) (25,187) (26,187) (27,187) (26,186) (27,185) (26,185) (25,184) (25,183) (26,182) (25,181) (26,180) (27,180) (28,180) (29,180) (30,180) (31,180) (32,181) (31,182) (30,182) (29,182) (28,182) (29,183) (30,183) (31,183) (32,184) (31,185) (30,185) (29,185) (30,186) (31,187) (32,187) (33,188) (32,189) (31,189) (30,189) (29,189) (29,190) (30,190) (31,190) (32,190) (33,191) (32,192) (31,192) (30,192) (29,193) (30,194) (31,194) (32,194) (33,194) (34,194) (35,194) (36,193) (36,192) (37,191) (37,190) (37,189) (38,188) (39,187) (38,186) (39,185) (40,184) (40,183) (40,182) (41,181) (40,180) (41,179) (40,178) (41,177) (40,176) (40,175) (39,175) (38,174) (37,173) (36,174) (35,173) (35,174) (34,175) (35,176) (34,177) (33,177) (32,177) (31,178) (30,178) (29,178) (28,177) (27,177) (26,177) (25,177) (24,177) (24,178) (23,179) (22,180) (22,181) (22,182) (21,183) (21,184) (20,185) (19,186) 
cluster8edge:(29,3) (29,4) (30,4) (31,4) (32,3) (33,3) (32,2) (31,1) (30,2) 
cluster9edge:(29,155) (30,155) 
cluster10edge:(43,101) (43,102) (44,101) (44,100) 
cluster11edge:(45,32) (46,32) 
cluster12edge:(45,113) (45,114) (46,114) (47,114) (48,114) (49,115) (48,116) (49,116) (50,116) (51,116) (52,117) (53,116) (54,115) (53,114) (52,113) (51,112) (50,112) (49,112) (48,112) (47,113) (46,112) 
cluster13edge:(48,35) (49,36) (48,37) (48,38) (48,39) (49,38) (50,39) (51,39) (52,39) (53,40) (54,41) (55,40) (56,39) (55,38) (54,37) (53,36) (52,35) (51,35) (50,34) (49,34) 
cluster14edge:(49,124) (50,124) (50,123) 
cluster15edge:(56,279) (57,280) (57,281) (58,282) (59,283) (60,283) (61,283) (62,284) (63,284) (63,283) (62,282) (63,281) (62,281) (61,281) (60,280) (61,279) (62,278) (63,278) (64,278) (65,278) (66,278) (67,278) (68,278) (67,277) (66,277) (65,276) (66,275) (67,274) (66,274) (65,274) (64,274) (63,274) (62,274) (61,274) (60,274) (59,274) (58,275) (57,276) (57,277) (57,278) 
cluster16edge:(57,18) (58,19) (58,20) (58,21) (58,22) (58,23) (58,24) (58,25) (58,26) (58,27) (59,28) (59,29) (60,29) (61,30) (62,30) (63,30) (64,30) (65,31) (65,32) (66,32) (67,32) (66,31) (67,30) (68,29) (69,29) (70,29) (70,28) (70,27) (69,26) (70,25) (71,25) (72,25) (73,25) (72,24) (71,24) (70,23) (69,22) (68,21) (67,21) (66,20) (65,19) (66,18) (67,17) (66,17) (65,16) (64,16) (63,16) (62,15) (61,15) (60,15) (59,15) (58,16) (58,17) 
cluster17edge:(59,58) (60,59) (61,59) (62,60) (63,60) (64,60) (64,59) (64,58) (64,57) (64,56) (63,55) (62,56) (61,55) (60,56) (60,57) 
cluster18edge:(65,161) (65,162) (66,161) 
cluster19edge:(66,286) (67,287) (68,287) (69,287) (70,288) (71,288) (72,289) (73,289) (74,290) (75,290) (76,291) (77,291) (78,291) (79,292) (80,291) (81,292) (82,291) (83,290) (84,291) (85,290) (86,289) (87,288) (88,287) (87,286) (88,285) (87,284) (86,283) (85,282) (84,281) (83,280) (82,279) (82,280) (81,281) (80,281) (79,281) (78,281) (77,281) (76,281) (75,281) (74,281) (73,282) (72,282) (71,283) (70,284) (69,284) (68,285) (67,285) 
cluster20edge:(76,265) (76,266) 
cluster21edge:(77,262) (78,263) (79,264) (79,263) (80,262) (81,262) (82,262) (83,261) (84,261) (85,261) (85,260) (86,259) (87,258) (88,258) (89,257) (90,257) (91,257) (92,257) (92,256) (91,255) (90,255) (89,255) (88,256) (87,257) (86,256) (85,257) (84,258) (83,257) (82,258) (81,259) (80,258) (79,259) (79,260) (78,261) 
cluster22edge:(82,174) (83,175) (84,174) (83,174) 
cluster23edge:(83,47) (84,48) (85,48) (85,47) (86,46) (87,46) (88,46) (87,45) (86,45) (85,45) (84,46) 
cluster24edge:(86,186) (86,187) (87,186) (88,186) (87,185) 
cluster25edge:(87,48) (88,48) 
cluster26edge:(88,174) (89,174) (90,175) (91,176) (91,177) (92,177) (93,177) (94,177) (95,178) (94,179) (95,179) (96,180) (95,181) (96,182) (95,183) (96,184) (96,185) (97,186) (97,187) (98,188) (99,187) (98,186) (98,185) (98,184) (98,183) (98,182) (98,181) (98,180) (98,179) (98,178) (99,177) (99,176) (98,175) (98,174) (98,173) (97,172) (96,173) (95,172) (94,173) (93,173) (92,173) (91,173) (90,173) (89,173) 
cluster27edge:(91,185) (92,185) 
cluster28edge:(91,190) (92,191) (92,190) 
cluster29edge:(105,12) (106,13) (105,14) (106,14) (107,15) (108,16) (109,16) (109,15) (109,14) (110,13) (109,12) (108,13) (107,12) (106,11) 
cluster30edge:(129,98) (129,99) (129,100) (129,101) (129,102) (130,103) (130,104) (131,105) (132,106) (133,107) (133,108) (134,109) (135,109) (136,109) (137,110) (138,109) (139,110) (140,109) (139,108) (140,107) (141,106) (142,106) (143,105) (142,105) (141,105) (140,104) (141,103) (142,103) (143,103) (142,102) (143,101) (144,101) (145,100) (144,99) (145,98) (146,97) (146,96) (145,95) (146,94) (145,93) (145,92) (144,93) (143,92) (142,92) (141,92) (140,93) (139,93) (138,93) (137,94) (136,93) (135,94) (134,94) (133,94) (132,94) (131,95) (130,96) (130,97) 
cluster31edge:(131,290) (131,291) (131,292) (131,293) (131,294) (131,295) (131,296) (131,297) (132,298) (131,299) (132,0) (132,1) (133,2) (133,3) (134,2) (135,2) (136,2) (137,1) (138,0) (138,299) (137,298) (138,297) (139,297) (140,297) (139,296) (140,295) (141,295) (140,294) (141,293) (142,293) (143,293) (144,292) (144,291) (145,290) (145,289) (145,288) (144,287) (143,286) (142,285) (141,285) (140,284) (139,283) (138,284) (137,284) (136,284) (135,285) (134,286) (133,287) (132,288) (132,289) 
cluster32edge:(136,183) (137,184) (136,185) (137,186) (138,187) (139,186) (140,186) (141,186) (142,186) (143,186) (144,186) (145,186) (146,186) (147,185) (148,184) (147,183) (146,182) (145,182) (144,181) (143,180) (142,181) (141,180) (140,179) (139,180) (138,181) (137,182) 
cluster33edge:(138,5) (138,6) (139,6) (140,7) (140,8) (140,9) (139,10) (140,11) (140,12) (141,12) (142,12) (143,13) (142,14) (141,14) (142,15) (143,15) (144,15) (145,14) (146,13) (145,12) (146,11) (147,10) (146,9) (147,8) (148,7) (148,6) (149,5) (150,4) (151,5) (152,4) (152,3) (151,2) (152,1) (151,0) (151,299) (151,298) (152,297) (151,296) (150,295) (149,296) (148,297) (147,298) (146,298) (145,299) (144,0) (143,1) (142,2) (141,2) (141,3) (140,4) (139,4) 
cluster34edge:(152,87) (153,88) (153,87) 
cluster35edge:(155,5) (155,6) (156,7) (157,6) (158,5) (157,5) (156,6) 
cluster36edge:(166,250) (166,251) (166,252) (166,253) (167,252) (168,253) (168,254) (169,253) (170,253) (171,252) (170,251) (171,250) (170,250) (169,249) (168,249) (167,250) 
cluster37edge:(185,123) (186,124) (187,124) (187,123) (187,122) (186,123) 
cluster38edge:(185,248) (185,249) (185,250) (185,251) (185,252) (185,253) (185,254) (186,255) (187,255) (188,256) (189,257) (190,258) (191,258) (192,259) (193,259) (194,260) (195,259) (196,260) (197,259) (198,258) (199,259) (200,258) (201,257) (202,257) (203,257) (204,257) (203,256) (204,255) (205,254) (204,253) (203,252) (202,252) (201,251) (200,251) (199,251) (198,251) (197,251) (196,250) (195,250) (194,250) (193,250) (192,250) (191,250) (190,249) (191,248) (190,248) (189,248) (188,248) (187,248) (186,248) 
cluster39edge:(186,79) (187,80) (188,80) (189,81) (190,82) (191,81) (190,80) (189,79) (188,78) (187,78) 
cluster40edge:(188,221) (188,222) (188,223) (189,224) (190,225) (191,226) (192,226) (193,226) (194,227) (195,226) (196,226) (197,225) (197,224) (197,223) (197,222) (197,221) (196,220) (195,220) (194,220) (193,220) (192,220) (191,220) (190,220) (189,220) 
cluster41edge:(195,299) (196,0) (197,1) (198,1) (198,0) (198,299) (198,298) (197,299) (196,298) 
cluster42edge:(218,96) (219,96) 
cluster43edge:(230,254) (231,254) 
cluster44edge:(231,251) (232,251) 
cluster45edge:(235,55) (236,56) (236,57) (236,58) (237,59) (238,58) (239,59) (240,58) (241,58) (242,58) (243,57) (244,56) (243,56) (242,55) (243,54) (244,54) (245,54) (245,53) (244,53) (243,52) (243,51) (242,51) (241,51) (240,52) (239,52) (238,52) (237,53) (236,52) (236,53) (236,54) 
cluster46edge:(239,43) (240,43) (241,44) (242,44) (243,45) (244,44) (243,43) (242,42) (241,43) (240,42) 
cluster47edge:(244,58) (245,58) 
cluster48edge:(248,51) (249,51) 
cluster49edge:(253,197) (253,198) (254,199) (255,200) (256,199) (255,198) (254,197) (254,196) 
cluster50edge:(255,65) (255,66) (255,67) (256,68) (256,69) (257,70) (258,70) (259,70) (260,71) (261,72) (262,71) (263,70) (264,69) (264,68) (265,67) (264,66) (263,66) (262,66) (261,66) (260,65) (259,65) (258,64) (257,64) (256,63) (256,64) 
cluster51edge:(267,112) (267,113) (267,114) (268,115) (269,115) (270,116) (271,117) (272,116) (273,117) (274,116) (275,115) (276,114) (275,113) (274,112) (273,111) (272,111) (271,111) (270,111) (269,111) (268,111) 
cluster52edge:(271,289) (271,290) (272,290) 
cluster53edge:(284,191) (285,192) (285,193) (286,194) (287,195) (288,194) (289,195) (290,194) (290,193) (289,192) (288,192) (287,191) (286,190) (285,190) 
cluster54edge:(295,295) (295,296) 
cluster55edge:(296,0) (296,1) 
