cluster1edge:(0,226) (299,227) (298,226) (297,226) (296,226) (295,226) (294,226) (293,226) (292,225) (291,224) (290,224) (289,223) (288,222) (287,222) (286,223) (285,223) (284,223) (283,224) (284,224) (285,224) (286,225) (285,226) (284,226) (283,226) (282,227) (283,228) (283,229) (284,230) (284,231) (285,231) (286,232) (285,233) (284,233) (283,234) (284,234) (285,235) (286,235) (287,236) (287,237) (286,238) (287,239) (286,240) (287,240) (288,240) (289,240) (290,241) (289,242) (290,242) (291,242) (292,243) (293,244) (294,244) (295,243) (296,244) (297,244) (296,243) (297,242) (297,241) (297,240) (297,239) (297,238) (297,237) (297,236) (297,235) (298,234) (299,235) (299,236) (299,237) (299,238) (299,239) (299,240) (0,241) (0,240) (1,239) (2,239) (1,238) (2,237) (3,236) (4,236) (5,236) (6,235) (5,234) (6,233) (5,232) (5,231) (4,230) (3,229) (2,228) (1,227) 
cluster2edge:(0,247) (0,248) (0,249) (0,250) (0,251) (0,252) (0,253) (1,254) (1,255) (1,256) (1,257) (1,258) (1,259) (2,259) (3,259) (4,259) (5,260) (6,261) (7,261) (8,261) (9,262) (10,262) (11,262) (12,262) (13,262) (14,261) (15,260) (16,259) (15,258) (14,257) (14,256) (14,255) (13,254) (13,253) (13,252) (12,251) (12,250) (11,249) (12,248) (12,247) (13,246) (13,245) (13,244) (13,243) (13,242) (12,242) (11,241) (10,242) (9,242) (8,243) (7,243) (6,243) (5,244) (4,245) (4,246) (3,247) (2,247) (1,246) 
cluster3edge:(17,68) (17,69) 
cluster4edge:(35,2) (35,3) (35,4) (35,5) (35,6) (36,7) (35,8) (36,9) (36,10) (37,11) (37,12) (38,13) (39,14) (40,15) (41,15) (42,15) (43,15) (43,14) (44,13) (45,13) (46,12) (45,11) (46,10) (47,10) (48,10) (47,9) (48,8) (49,7) (50,7) (51,7) (50,6) (51,5) (52,5) (53,5) (54,4) (53,3) (52,2) (52,1) (51,0) (50,299) (49,299) (48,299) (47,298) (46,298) (45,298) (44,297) (43,298) (42,298) (41,298) (40,298) (39,299) (38,299) (37,0) (36,1) 
cluster5edge:(47,291) (48,291) 
cluster6edge:(48,19) (49,20) (49,21) (50,22) (51,23) (52,23) (53,24) (54,23) (55,24) (56,25) (57,24) (58,25) (59,24) (60,25) (61,25) (62,25) (63,24) (64,24) (65,24) (65,23) (66,22) (67,21) (68,20) (69,19) (70,18) (69,17) (68,16) (68,15) (67,14) (66,14) (65,13) (64,12) (63,12) (62,11) (61,11) (60,10) (59,10) (58,10) (57,9) (57,10) (56,11) (55,11) (54,12) (53,12) (52,13) (53,14) (52,15) (51,15) (50,15) (51,16) (50,17) (49,17) (49,18) 
cluster7edge:(52,242) (52,243) (52,244) (53,245) (54,246) (54,247) (55,246) (55,245) (56,244) (57,244) (57,243) (56,243) (55,242) (55,241) (54,242) (53,241) 
cluster8edge:(62,243) (62,244) (62,245) (62,246) (63,246) (64,247) (63,248) (62,248) (62,249) (63,249) (64,250) (64,251) (63,252) (64,252) (65,252) (66,253) (67,252) (68,252) (69,252) (69,251) (69,250) (69,249) (69,248) (68,247) (68,246) (67,246) (66,245) (65,244) (64,243) (63,243) 
cluster9edge:(63,134) (64,135) (65,135) (66,135) (67,135) (68,134) (69,134) (69,133) (68,132) (68,131) (67,132) (66,131) (65,132) (64,133) 
cluster10edge:(67,44) (67,45) (68,46) (67,47) (68,48) (69,49) (70,48) (71,47) (72,47) (73,47) (74,47) (75,47) (76,47) (77,47) (76,46) (77,45) (76,44) (77,43) (76,43) (75,43) (74,43) (73,42) (74,41) (75,41) (74,40) (73,41) (72,41) (71,41) (70,42) (69,43) (68,42) (68,43) 
cluster11edge:(68,162) (69,163) (69,164) (70,165) (71,165) (72,166) (73,165) (72,164) (72,163) (73,162) (72,161) (73,160) (74,160) (75,160) (76,160) (75,159) (75,158) (74,159) (73,158) (72,157) (71,158) (70,159) (69,160) (69,161) 
cluster12edge:(77,173) (78,174) (79,174) (80,174) (81,175) (81,176) (82,176) (83,176) (84,176) (85,176) (86,176) (87,176) (88,177) (88,178) (89,178) (90,179) (91,179) (92,179) (93,180) (94,180) (95,180) (96,181) (97,181) (98,181) (99,182) (100,183) (101,182) (102,183) (103,183) (104,183) (105,182) (106,182) (106,181) (106,180) (107,179) (106,178) (106,177) (106,176) (105,175) (104,174) (103,174) (102,173) (101,172) (100,171) (99,171) (98,170) (97,169) (96,169) (95,168) (94,167) (93,168) (92,167) (91,166) (91,165) (90,165) (89,164) (88,163) (87,164) (86,163) (85,162) (84,163) (83,162) (82,163) (82,164) (81,165) (80,165) (80,166) (81,167) (80,168) (79,168) (79,169) (79,170) (80,170) (81,170) (82,171) (81,172) (80,172) (79,172) (78,172) 
cluster13edge:(85,278) (86,279) (85,280) (86,281) (87,282) (88,283) (89,283) (90,284) (91,284) (92,285) (92,286) (93,287) (94,287) (95,288) (96,287) (97,287) (98,287) (97,286) (98,285) (99,284) (100,284) (101,283) (100,282) (99,281) (98,280) (97,279) (96,278) (95,277) (94,276) (93,275) (92,274) (91,275) (90,274) (89,275) (88,275) (87,276) (86,277) 
cluster14edge:(99,290) (100,290) 
cluster15edge:(110,25) (110,26) (110,27) (110,28) (111,29) (112,28) (113,28) (114,28) (115,28) (116,27) (117,26) (118,25) (119,25) (120,25) (121,25) (122,25) (123,25) (124,24) (124,23) (125,22) (126,22) (127,22) (128,23) (128,24) (129,23) (130,22) (129,22) (128,21) (129,20) (130,20) (131,20) (132,20) (133,20) (134,20) (135,19) (135,18) (134,17) (133,16) (132,16) (131,15) (130,15) (129,15) (128,14) (127,14) (126,14) (125,13) (124,13) (123,13) (122,13) (121,13) (120,14) (119,13) (118,14) (117,15) (117,16) (117,17) (117,18) (116,19) (115,20) (114,21) (113,22) (112,23) (111,24) 
cluster16edge:(110,190) (110,191) 
cluster17edge:(116,32) (117,32) 
cluster18edge:(119,135) (120,135) 
cluster19edge:(120,277) (121,278) (122,279) (123,280) (124,280) (125,279) (124,278) (125,277) (124,276) (123,276) (122,277) (121,276) 
cluster20edge:(123,29) (124,29) 
cluster21edge:(129,248) (130,249) (131,248) (130,247) 
cluster22edge:(130,27) (131,27) 
cluster23edge:(154,199) (155,200) (154,201) (154,202) (155,203) (155,204) (156,203) (157,204) (157,205) (158,206) (158,205) (158,204) (159,203) (160,202) (159,202) (158,201) (157,201) (156,200) (157,199) (156,199) (155,198) 
cluster24edge:(155,245) (155,246) (156,247) (156,248) (157,247) (158,248) (159,247) (158,246) (159,245) (158,245) (157,244) (156,244) 
cluster25edge:(159,47) (160,47) 
cluster26edge:(160,210) (161,210) 
cluster27edge:(162,212) (163,213) (164,214) (164,215) (165,216) (166,217) (167,218) (166,219) (167,219) (168,220) (168,221) (168,222) (168,223) (169,224) (169,225) (169,226) (170,227) (171,227) (172,227) (173,227) (174,227) (175,227) (176,227) (177,227) (176,226) (175,226) (174,225) (175,224) (176,224) (177,224) (178,224) (179,224) (180,224) (181,224) (182,223) (181,223) (180,222) (179,221) (178,220) (177,219) (177,218) (176,217) (175,216) (174,215) (174,214) (175,213) (174,212) (174,211) (173,210) (172,209) (173,208) (172,207) (171,206) (170,205) (169,205) (168,204) (167,204) (166,203) (165,202) (164,202) (163,203) (164,203) (165,204) (165,205) (165,206) (165,207) (166,207) (167,207) (168,208) (167,209) (166,209) (165,209) (164,210) (163,210) (163,211) 
cluster28edge:(175,231) (175,232) (175,233) (176,234) (177,235) (178,235) (179,236) (180,237) (181,236) (182,236) (183,235) (184,236) (185,235) (184,234) (185,233) (186,232) (186,231) (186,230) (186,229) (186,228) (185,229) (184,229) (183,229) (182,230) (181,230) (180,230) (179,230) (178,231) (177,231) (176,232) 
cluster29edge:(192,214) (192,215) (193,216) (194,217) (195,216) (195,215) (196,214) (195,213) (194,212) (193,213) 
cluster30edge:(195,41) (195,42) (195,43) (196,44) (195,45) (196,45) (197,44) (198,44) (198,43) (199,42) (200,41) (199,40) (198,40) (197,40) (196,40) 
cluster31edge:(205,93) (206,94) (205,95) (206,96) (205,97) (206,98) (206,99) (207,100) (207,101) (207,102) (208,102) (209,102) (210,103) (210,102) (211,101) (212,101) (213,101) (214,100) (214,99) (214,98) (215,97) (216,97) (217,97) (218,97) (219,96) (218,95) (217,95) (216,95) (215,94) (214,93) (214,92) (215,91) (216,91) (216,90) (215,90) (214,90) (213,90) (212,90) (211,90) (210,89) (210,88) (209,89) (208,90) (207,89) (207,90) (206,91) (206,92) 
cluster32edge:(214,285) (214,286) (215,287) (216,288) (215,289) (216,290) (217,291) (218,291) (219,291) (218,290) (217,289) (218,288) (219,288) (220,288) (221,288) (222,288) (223,288) (224,287) (223,287) (222,286) (221,286) (220,286) (219,286) (218,285) (219,284) (220,284) (221,284) (222,284) (221,283) (220,283) (219,282) (218,282) (217,282) (216,283) (215,284) 
cluster33edge:(217,82) (218,83) (219,84) (220,85) (221,85) (222,85) (223,85) (224,85) (223,84) (223,83) (222,82) (221,81) (220,80) (219,80) (218,80) (219,81) (218,82) 
cluster34edge:(222,170) (223,171) (222,172) (223,172) (224,173) (225,174) (226,174) (227,173) (228,172) (229,172) (230,172) (231,172) (232,171) (231,170) (230,170) (229,169) (228,169) (227,168) (226,169) (225,168) (224,169) (223,169) 
cluster35edge:(222,294) (223,294) 
cluster36edge:(225,291) (226,291) 
cluster37edge:(229,179) (229,180) (229,181) (230,182) (231,181) (232,180) (231,179) (230,180) 
cluster38edge:(238,172) (239,172) 
cluster39edge:(240,177) (240,178) (241,178) 
cluster40edge:(240,192) (241,192) (242,193) (243,194) (244,195) (245,196) (245,197) (246,198) (247,197) (248,196) (247,195) (246,194) (246,193) (245,194) (244,193) (243,192) (243,191) (242,192) (241,191) 
cluster41edge:(243,293) (243,294) (244,295) (245,296) (246,296) (247,295) (248,295) (249,294) (249,293) (249,292) (248,291) (248,290) (247,291) (246,290) (245,291) (244,291) (244,292) 
cluster42edge:(247,173) (248,173) 
cluster43edge:(256,85) (257,86) (257,87) (257,88) (258,87) (259,88) (260,87) (260,86) (260,85) (259,85) (258,84) (257,85) 
cluster44edge:(259,264) (260,265) (261,265) (262,266) (263,265) (264,265) (263,264) (262,263) (262,262) (261,262) (260,263) 
cluster45edge:(276,231) (277,231) (277,230) 
cluster46edge:(283,252) (284,253) (283,254) (284,255) (283,256) (283,257) (283,258) (284,259) (284,260) (285,261) (286,262) (287,261) (288,262) (289,262) (290,262) (291,262) (292,262) (293,262) (294,263) (295,263) (296,263) (297,263) (298,262) (298,261) (298,260) (298,259) (298,258) (298,257) (298,256) (298,255) (297,254) (297,253) (296,253) (295,253) (294,253) (293,252) (293,251) (293,250) (292,250) (291,249) (292,248) (293,248) (292,247) (291,247) (290,247) (289,247) (288,247) (287,247) (286,248) (285,249) (284,249) (285,250) (285,251) (284,252) 
