cluster1edge:(0,178) (299,177) (298,176) (298,175) (297,174) (296,174) (295,174) (294,174) (293,175) (292,175) (291,175) (290,175) (289,175) (290,176) (289,177) (288,177) (287,178) (286,178) (285,178) (286,179) (286,180) (287,180) (288,181) (288,182) (288,183) (289,183) (290,184) (289,185) (290,186) (291,186) (292,187) (293,188) (293,189) (294,189) (295,190) (295,191) (296,191) (297,191) (298,192) (299,191) (0,192) (0,193) (0,194) (1,195) (2,196) (3,195) (4,194) (5,193) (4,192) (5,191) (4,190) (3,189) (4,188) (3,187) (2,186) (3,185) (2,184) (2,183) (2,182) (1,181) (1,180) (1,179) 
cluster2edge:(7,57) (7,58) (7,59) (8,59) (8,58) (8,57) 
cluster3edge:(10,59) (11,60) (11,59) 
cluster4edge:(11,203) (12,204) (13,204) (14,203) (13,202) (12,202) 
cluster5edge:(16,24) (17,25) (16,26) (17,26) (18,27) (19,26) (20,26) (21,26) (22,25) (21,24) (21,23) (20,22) (19,22) (18,23) (17,23) 
cluster6edge:(21,104) (21,105) (21,106) (22,107) (23,108) (23,109) (24,110) (25,111) (26,111) (25,110) (26,109) (27,109) (28,108) (29,108) (30,107) (31,108) (32,107) (31,106) (32,105) (33,105) (34,105) (35,105) (36,104) (35,103) (34,102) (33,103) (32,102) (31,102) (30,102) (29,101) (28,102) (27,102) (26,102) (25,101) (24,102) (23,101) (22,102) (22,103) 
cluster7edge:(27,112) (28,112) 
cluster8edge:(28,171) (28,172) (28,173) (28,174) (28,175) (29,176) (29,177) (30,178) (31,179) (32,180) (33,179) (34,179) (35,179) (34,178) (35,177) (36,177) (37,177) (38,178) (37,179) (36,179) (37,180) (37,181) (38,181) (39,181) (40,181) (41,182) (40,183) (39,183) (38,183) (39,184) (40,185) (41,185) (42,185) (43,185) (44,185) (45,184) (46,183) (46,182) (47,181) (46,180) (47,179) (46,178) (46,177) (45,176) (44,175) (44,174) (43,173) (43,174) (42,175) (41,175) (40,175) (39,175) (38,176) (37,176) (36,176) (35,175) (34,175) (33,174) (34,173) (35,173) (36,173) (37,173) (36,172) (36,171) (35,170) (34,169) (33,168) (32,168) (31,167) (31,168) (30,169) (29,169) (29,170) 
cluster9edge:(28,235) (29,236) (30,236) (30,235) (30,234) (29,235) 
cluster10edge:(32,250) (32,251) (33,252) (34,252) (35,252) (34,251) (33,251) 
cluster11edge:(35,107) (36,107) 
cluster12edge:(44,161) (45,161) 
cluster13edge:(45,127) (46,128) (47,129) (48,128) (49,128) (48,127) (48,126) (47,126) (46,126) 
cluster14edge:(52,32) (53,33) (53,34) (53,35) (53,36) (54,36) (55,37) (55,38) (56,39) (57,40) (57,41) (57,42) (58,43) (59,44) (60,44) (61,44) (62,45) (63,45) (64,45) (65,46) (66,47) (67,47) (68,46) (67,45) (68,44) (68,43) (67,43) (66,42) (66,41) (65,40) (66,39) (67,39) (68,39) (69,39) (69,38) (68,38) (67,38) (66,38) (65,39) (64,39) (63,39) (62,38) (61,37) (62,36) (63,36) (64,36) (65,35) (64,35) (63,34) (63,33) (64,32) (63,32) (62,32) (61,32) (60,31) (59,30) (60,29) (59,28) (58,29) (57,30) (56,29) (55,30) (54,31) (53,30) (53,31) 
cluster15edge:(58,168) (59,169) (58,170) (59,171) (60,172) (61,171) (62,172) (63,171) (62,170) (61,169) (61,168) (62,167) (61,167) (60,167) (59,167) 
cluster16edge:(66,26) (67,26) 
cluster17edge:(84,99) (85,99) 
cluster18edge:(86,98) (87,99) (88,99) (89,99) (90,100) (90,101) (91,101) (92,102) (91,103) (92,103) (93,104) (94,103) (94,102) (94,101) (94,100) (93,99) (93,98) (92,98) (91,98) (90,97) (89,97) (88,97) (87,97) 
cluster19edge:(92,285) (93,285) 
cluster20edge:(99,89) (100,90) (101,90) (101,89) (101,88) (101,87) (101,86) (100,87) (100,88) 
cluster21edge:(101,258) (102,259) (103,260) (102,261) (103,262) (104,262) (105,262) (106,262) (107,262) (107,261) (106,260) (106,259) (105,258) (104,258) (103,257) (102,258) 
cluster22edge:(107,288) (107,289) 
cluster23edge:(113,261) (114,261) (115,260) (116,261) (117,262) (118,262) (119,262) (118,261) (118,260) (117,260) (116,260) (115,259) (114,260) 
cluster24edge:(119,38) (120,38) 
cluster25edge:(124,294) (124,295) (124,296) (125,297) (124,298) (125,299) (126,0) (127,1) (128,2) (129,2) (130,1) (131,0) (132,0) (133,0) (134,0) (134,299) (133,298) (133,297) (133,296) (133,295) (134,294) (135,294) (136,294) (136,293) (135,292) (135,291) (134,290) (133,291) (132,290) (131,291) (130,291) (129,291) (128,290) (127,291) (126,292) (125,292) (125,293) 
cluster26edge:(131,119) (131,120) (131,121) (132,122) (133,123) (132,124) (133,124) (134,125) (135,126) (136,127) (137,127) (138,126) (137,125) (138,124) (137,124) (136,124) (135,124) (134,123) (135,122) (136,122) (137,121) (138,121) (137,120) (138,119) (137,118) (136,117) (135,116) (134,117) (133,118) (132,118) 
cluster27edge:(133,3) (134,3) (135,3) (136,3) (137,4) (136,5) (137,6) (137,7) (138,7) (139,7) (140,7) (141,7) (142,7) (143,6) (144,5) (144,4) (145,3) (144,2) (143,1) (142,0) (142,299) (141,299) (140,299) (139,299) (138,299) (138,0) (137,1) (136,2) (135,2) (134,2) 
cluster28edge:(141,125) (142,126) (141,127) (141,128) (141,129) (141,130) (142,131) (143,132) (144,133) (145,132) (146,133) (147,132) (148,133) (149,132) (150,133) (151,132) (152,132) (153,132) (154,132) (155,132) (156,132) (157,132) (158,133) (159,134) (159,135) (160,136) (161,136) (162,137) (163,137) (164,138) (165,139) (166,138) (167,139) (168,138) (169,137) (168,136) (167,135) (167,134) (166,133) (165,132) (166,131) (165,130) (164,129) (165,128) (164,128) (163,127) (162,126) (163,125) (162,125) (161,125) (160,124) (161,123) (162,123) (163,123) (162,122) (162,121) (161,121) (160,121) (159,121) (158,121) (157,120) (158,119) (157,118) (156,118) (155,118) (154,119) (153,120) (152,121) (151,122) (150,122) (149,122) (148,122) (147,121) (146,121) (145,121) (146,122) (145,123) (144,123) (143,124) (142,124) 
cluster29edge:(142,61) (142,62) (142,63) (142,64) (143,65) (143,66) (143,67) (143,68) (143,69) (143,70) (143,71) (144,72) (145,73) (146,74) (147,75) (148,76) (148,75) (149,74) (148,73) (149,72) (150,72) (151,72) (150,71) (151,70) (152,70) (151,69) (152,68) (153,68) (152,67) (153,66) (154,66) (154,65) (155,64) (154,64) (153,63) (153,62) (153,61) (152,61) (151,60) (150,59) (150,58) (149,59) (148,58) (147,57) (146,58) (145,57) (144,58) (143,59) (143,60) 
cluster30edge:(145,86) (146,87) (145,88) (146,89) (145,90) (146,91) (147,92) (148,93) (149,94) (150,93) (151,92) (152,93) (153,92) (152,91) (153,90) (154,89) (154,88) (155,87) (154,87) (153,87) (152,86) (151,86) (150,85) (150,84) (150,83) (149,82) (148,82) (147,82) (146,82) (147,83) (146,84) (146,85) 
cluster31edge:(150,271) (150,272) (151,272) (152,272) (153,272) (154,272) (153,271) (154,270) (153,270) (152,270) (151,271) 
cluster32edge:(151,274) (152,274) 
cluster33edge:(154,281) (154,282) (155,283) (156,284) (157,285) (158,284) (159,285) (160,286) (161,285) (162,286) (163,285) (164,286) (165,286) (166,286) (167,287) (168,288) (169,288) (170,288) (171,289) (172,288) (173,289) (174,290) (175,289) (176,290) (177,289) (176,288) (175,288) (174,287) (174,286) (173,285) (174,284) (173,283) (173,282) (172,282) (171,281) (170,280) (170,279) (171,278) (172,278) (171,277) (170,277) (169,276) (169,275) (168,275) (167,274) (167,273) (168,272) (167,271) (166,272) (165,271) (164,272) (164,273) (163,274) (162,274) (161,274) (160,274) (161,275) (161,276) (161,277) (160,278) (159,279) (158,279) (157,279) (156,279) (155,280) 
cluster34edge:(160,90) (161,90) (162,91) (162,92) (163,92) (164,93) (165,92) (166,91) (166,90) (166,89) (166,88) (165,89) (164,89) (163,89) (162,89) (161,89) 
cluster35edge:(164,59) (164,60) (165,61) (166,60) (167,59) (167,58) (166,57) (165,58) 
cluster36edge:(165,108) (166,109) (167,110) (168,111) (167,112) (168,112) (169,113) (168,114) (169,114) (170,114) (171,115) (170,116) (169,116) (168,116) (168,117) (169,117) (170,117) (171,118) (170,119) (171,119) (172,119) (173,120) (173,121) (174,122) (175,123) (176,122) (177,123) (178,122) (179,123) (179,124) (180,123) (181,124) (182,123) (183,123) (182,122) (183,121) (182,120) (181,119) (180,118) (179,117) (179,116) (179,115) (178,114) (179,113) (178,112) (179,111) (178,110) (178,109) (178,108) (177,107) (176,106) (175,105) (174,106) (173,105) (172,106) (171,105) (170,106) (169,105) (168,106) (167,106) (167,107) (166,108) 
cluster37edge:(177,15) (178,16) (179,16) (178,15) 
cluster38edge:(177,272) (177,273) (178,274) (179,275) (179,276) (178,277) (179,278) (180,279) (180,280) (181,281) (180,282) (180,283) (180,284) (180,285) (181,286) (182,286) (183,286) (184,287) (185,288) (186,287) (187,286) (186,285) (186,284) (186,283) (186,282) (185,281) (185,280) (185,279) (184,278) (184,277) (184,276) (183,275) (183,274) (182,273) (181,272) (180,271) (179,270) (178,271) 
cluster39edge:(178,134) (179,134) 
cluster40edge:(181,138) (181,139) (181,140) (182,141) (181,142) (182,142) (183,142) (184,142) (185,142) (186,142) (186,141) (186,140) (185,139) (184,138) (184,137) (183,136) (182,137) 
cluster41edge:(182,144) (183,144) 
cluster42edge:(183,11) (184,11) 
cluster43edge:(194,144) (195,145) (196,146) (196,147) (197,148) (198,148) (199,148) (200,149) (201,150) (201,151) (202,152) (201,153) (202,153) (203,154) (204,154) (205,154) (206,154) (207,154) (208,154) (208,153) (208,152) (208,151) (208,150) (208,149) (207,148) (207,147) (206,146) (206,145) (205,144) (205,143) (204,144) (203,143) (202,142) (201,141) (200,141) (199,140) (198,141) (197,140) (196,139) (195,139) (196,140) (195,141) (196,141) (197,142) (196,143) (195,143) 
cluster44edge:(200,157) (200,158) (200,159) (201,160) (202,161) (203,160) (204,161) (205,160) (204,159) (203,159) (202,159) (201,158) 
cluster45edge:(216,55) (217,56) (218,55) (217,54) 
cluster46edge:(218,280) (218,281) (219,282) (219,283) (220,284) (221,283) (222,283) (221,282) (222,281) (223,281) (224,281) (225,281) (224,280) (224,279) (223,279) (222,279) (221,278) (220,279) (219,279) 
cluster47edge:(223,151) (224,152) (223,153) (223,154) (224,155) (225,156) (226,157) (227,157) (228,158) (229,157) (228,156) (229,155) (230,155) (229,154) (230,153) (231,152) (232,152) (233,152) (232,151) (231,150) (230,150) (229,149) (229,148) (229,147) (228,148) (227,147) (227,148) (226,149) (225,148) (224,149) (224,150) 
cluster48edge:(224,84) (225,84) 
cluster49edge:(229,262) (230,263) (230,262) (230,261) 
cluster50edge:(231,158) (232,158) 
cluster51edge:(234,158) (235,159) (234,160) (235,160) (236,161) (237,161) (238,162) (237,163) (238,163) (239,164) (240,163) (241,163) (242,162) (243,163) (243,162) (244,161) (244,160) (244,159) (244,158) (243,158) (242,157) (241,156) (240,155) (240,154) (239,153) (239,152) (238,151) (237,151) (236,150) (235,150) (236,151) (237,152) (237,153) (236,154) (235,155) (235,156) (236,157) (235,158) 
cluster52edge:(244,200) (244,201) (245,202) (245,203) (246,202) (247,203) (248,203) (249,202) (250,202) (251,202) (250,201) (251,200) (252,200) (253,200) (254,201) (253,202) (254,202) (255,202) (256,202) (257,202) (258,203) (259,203) (258,202) (258,201) (257,200) (256,199) (255,199) (254,199) (253,199) (252,199) (251,199) (250,198) (249,198) (249,199) (248,200) (247,200) (246,200) (245,200) 
cluster53edge:(256,204) (256,205) (257,204) 
cluster54edge:(257,54) (258,55) (259,55) (260,54) (259,54) (258,54) 
cluster55edge:(271,161) (272,162) (273,163) (272,164) (273,165) (274,166) (275,165) (276,165) (275,164) (274,163) (274,162) (275,161) (274,160) (274,159) (273,160) (272,161) 
cluster56edge:(271,178) (272,178) 
cluster57edge:(271,243) (271,244) (272,244) (273,244) (274,245) (275,244) (276,245) (277,244) (278,245) (279,246) (280,245) (281,246) (282,246) (283,247) (284,246) (284,245) (285,244) (286,243) (287,242) (288,242) (289,241) (290,241) (291,241) (292,241) (293,241) (292,240) (292,239) (292,238) (291,237) (291,236) (290,236) (289,235) (288,235) (287,235) (286,235) (285,235) (284,235) (283,235) (282,235) (281,236) (280,236) (279,237) (278,238) (277,237) (276,238) (275,239) (274,240) (273,240) (272,240) (273,241) (272,242) 
cluster58edge:(276,168) (276,169) 
cluster59edge:(276,184) (277,185) (277,186) (278,185) (279,186) (279,187) (280,187) (281,186) (280,185) (281,184) (280,184) (279,183) (278,182) (277,183) 
cluster60edge:(278,168) (279,168) 
cluster61edge:(286,188) (286,189) 
cluster62edge:(286,295) (286,296) (287,297) (288,298) (289,297) (288,296) (289,295) (289,294) (290,293) (291,293) (290,292) (289,293) (288,294) (287,294) 
cluster63edge:(287,247) (288,248) (289,249) (289,250) (289,251) (290,250) (291,251) (292,250) (293,251) (294,250) (295,251) (296,250) (297,249) (298,248) (297,247) (297,246) (296,247) (295,246) (294,246) (293,247) (292,248) (291,248) (290,247) (289,248) (288,247) 
cluster64edge:(291,194) (291,195) (292,196) (293,197) (294,198) (295,199) (296,200) (296,199) (296,198) (295,197) (294,196) (293,195) (292,194) 
cluster65edge:(298,199) (298,200) 
