cluster1edge:(0,41) (299,40) (299,39) (299,38) (298,38) (297,38) (296,38) (295,38) (294,39) (293,38) (292,37) (292,36) (291,35) (290,35) (289,34) (288,34) (287,33) (286,33) (285,33) (285,34) (284,35) (283,35) (282,35) (281,35) (280,36) (280,37) (281,38) (281,39) (282,40) (282,41) (283,42) (284,42) (285,43) (286,42) (287,43) (288,42) (289,42) (290,43) (291,42) (292,42) (293,42) (294,43) (295,42) (296,43) (297,44) (298,43) (299,44) (0,44) (1,44) (2,43) (1,43) (0,42) 
cluster2edge:(0,69) (299,68) (298,67) (297,66) (296,65) (295,66) (294,65) (293,64) (292,65) (291,64) (291,63) (290,63) (289,63) (288,62) (287,63) (286,62) (285,63) (284,62) (283,63) (282,63) (281,63) (280,64) (279,64) (279,65) (278,66) (279,67) (278,68) (279,69) (280,70) (281,70) (282,70) (283,71) (284,71) (285,72) (286,72) (287,72) (288,73) (289,73) (290,73) (291,73) (292,74) (291,75) (292,75) (293,74) (294,75) (295,75) (296,75) (297,74) (298,75) (299,74) (299,73) (299,72) (299,71) (0,70) 
cluster3edge:(0,166) (299,165) (299,164) (298,163) (298,162) (299,161) (298,160) (299,159) (299,158) (298,159) (297,158) (297,157) (296,158) (295,157) (294,158) (293,159) (294,160) (293,161) (294,162) (294,163) (295,164) (295,165) (294,166) (295,167) (296,168) (297,169) (298,168) (299,168) (0,168) (0,167) 
cluster4edge:(0,199) (0,200) 
cluster5edge:(0,216) (299,217) (0,218) (0,219) (0,220) (1,221) (1,222) (1,223) (2,224) (2,225) (3,226) (3,227) (4,228) (5,227) (6,227) (7,227) (8,227) (9,226) (10,225) (11,224) (10,223) (11,222) (12,222) (13,222) (14,222) (15,222) (14,221) (15,220) (14,219) (14,218) (13,218) (12,217) (13,216) (13,215) (14,214) (13,213) (14,212) (13,211) (12,211) (11,211) (10,211) (9,211) (8,211) (7,211) (6,210) (5,209) (4,210) (3,211) (2,210) (2,211) (1,212) (1,213) (1,214) (1,215) 
cluster6edge:(0,240) (299,240) (0,241) 
cluster7edge:(5,36) (5,37) (5,38) (6,39) (6,40) (6,41) (7,42) (8,42) (9,43) (8,44) (9,44) (10,45) (9,46) (10,46) (11,46) (12,46) (13,45) (14,45) (15,44) (15,43) (16,42) (15,41) (16,40) (15,39) (14,38) (15,37) (14,36) (13,36) (12,35) (11,36) (10,35) (9,36) (8,35) (7,36) (6,35) 
cluster8edge:(8,201) (9,202) (9,203) (9,204) (10,204) (11,205) (12,205) (13,206) (14,207) (15,208) (16,207) (15,206) (16,205) (16,204) (15,204) (14,203) (15,202) (14,201) (13,200) (12,199) (11,200) (10,200) (9,200) 
cluster9edge:(13,156) (13,157) (13,158) (13,159) (14,160) (14,159) (14,158) (15,157) (16,157) (17,156) (18,155) (18,154) (17,154) (16,154) (15,154) (14,154) (14,155) 
cluster10edge:(13,231) (14,231) 
cluster11edge:(18,221) (19,221) (20,221) (19,220) 
cluster12edge:(22,113) (23,114) (22,115) (23,115) (24,116) (25,115) (26,116) (26,115) (27,114) (26,113) (26,112) (25,112) (24,112) (23,112) 
cluster13edge:(26,39) (26,40) (26,41) (26,42) (26,43) (27,44) (27,45) (28,46) (28,47) (29,48) (30,49) (31,50) (32,50) (33,51) (34,52) (35,51) (36,51) (37,51) (37,50) (38,49) (39,49) (40,49) (39,48) (40,47) (41,47) (42,47) (43,47) (44,47) (45,47) (46,48) (45,49) (44,49) (44,50) (43,51) (42,51) (41,51) (41,52) (40,53) (39,53) (39,54) (39,55) (40,56) (41,56) (42,56) (43,57) (44,57) (45,57) (46,58) (47,58) (48,58) (49,59) (50,58) (51,59) (52,58) (53,59) (54,58) (55,58) (56,58) (57,57) (56,56) (55,55) (56,54) (57,53) (58,52) (59,52) (58,51) (59,50) (60,49) (59,48) (58,47) (58,46) (58,45) (57,44) (57,43) (56,42) (55,42) (54,42) (53,41) (52,41) (53,42) (52,43) (51,43) (50,43) (51,44) (50,45) (49,45) (48,45) (47,46) (46,46) (45,46) (44,46) (43,45) (42,45) (41,44) (42,43) (43,43) (44,43) (43,42) (44,41) (45,41) (46,41) (47,41) (46,40) (45,40) (44,39) (43,38) (44,37) (45,37) (46,37) (47,37) (46,36) (45,36) (44,35) (44,34) (43,34) (42,33) (41,34) (40,33) (39,34) (38,33) (37,34) (36,34) (35,34) (34,34) (33,34) (32,35) (31,35) (30,35) (29,36) (28,37) (27,37) (27,38) 
cluster14edge:(30,255) (31,255) (31,254) 
cluster15edge:(37,104) (37,105) (38,106) (39,107) (39,108) (40,107) (41,108) (42,107) (43,107) (43,106) (42,106) (41,105) (42,104) (43,104) (44,104) (45,104) (46,103) (47,102) (48,102) (49,102) (50,101) (51,101) (52,101) (53,100) (52,99) (52,98) (53,97) (54,97) (55,96) (56,96) (57,96) (56,95) (56,94) (56,93) (55,92) (54,91) (53,90) (52,91) (51,90) (50,90) (49,90) (48,90) (47,90) (46,90) (45,90) (44,91) (43,92) (42,93) (42,94) (41,95) (41,96) (40,97) (40,98) (40,99) (39,100) (39,101) (38,102) (38,103) 
cluster16edge:(51,193) (52,194) (53,193) (52,192) 
cluster17edge:(53,187) (54,187) 
cluster18edge:(59,191) (59,192) 
cluster19edge:(59,194) (60,195) (61,196) (62,195) (61,194) (60,193) 
cluster20edge:(62,25) (63,26) (62,27) (63,28) (63,29) (64,29) (65,30) (66,31) (67,30) (68,30) (69,30) (70,31) (71,30) (72,29) (71,29) (70,29) (69,29) (68,29) (67,29) (66,29) (65,28) (66,27) (67,27) (68,27) (69,27) (70,27) (71,27) (72,27) (73,27) (74,26) (75,26) (76,25) (77,24) (78,23) (77,23) (76,23) (75,22) (74,21) (73,21) (72,21) (71,20) (71,19) (70,19) (69,18) (70,17) (71,17) (72,17) (71,16) (70,16) (69,15) (70,14) (69,14) (68,13) (67,14) (66,15) (66,16) (65,17) (64,18) (64,19) (63,20) (64,21) (63,22) (63,23) (63,24) 
cluster21edge:(63,290) (63,291) 
cluster22edge:(64,58) (65,59) (66,60) (66,61) (65,62) (66,62) (67,63) (66,64) (67,65) (66,66) (67,67) (68,66) (69,67) (70,67) (71,66) (72,65) (71,64) (72,63) (73,62) (74,61) (74,60) (73,59) (72,58) (71,58) (70,58) (69,57) (68,56) (67,56) (66,56) (66,57) (65,58) 
cluster23edge:(65,51) (65,52) (66,52) (67,53) (68,52) (67,51) (66,50) 
cluster24edge:(65,293) (65,294) 
cluster25edge:(70,2) (71,3) (71,4) (70,5) (71,6) (71,7) (72,8) (73,8) (74,9) (75,10) (75,11) (74,12) (75,13) (74,14) (75,14) (76,15) (75,16) (76,17) (77,17) (78,17) (79,18) (78,19) (79,19) (80,19) (81,20) (81,21) (82,20) (83,19) (83,18) (83,17) (84,16) (83,15) (83,14) (83,13) (82,12) (83,11) (82,10) (81,9) (82,8) (81,7) (81,6) (80,5) (80,4) (80,3) (80,2) (80,1) (79,0) (80,299) (79,298) (79,297) (78,297) (77,297) (77,298) (78,299) (77,0) (76,0) (75,0) (74,0) (73,0) (73,1) (72,2) (71,2) 
cluster26edge:(72,70) (73,71) (72,72) (73,72) (74,73) (75,73) (76,74) (77,75) (77,76) (78,76) (79,77) (80,78) (80,79) (81,80) (81,81) (81,82) (81,83) (82,84) (82,85) (82,86) (83,87) (82,88) (83,88) (84,89) (85,90) (86,90) (87,90) (88,90) (87,89) (88,88) (89,88) (90,88) (91,87) (92,87) (93,86) (94,86) (95,86) (94,85) (95,84) (96,83) (97,83) (98,82) (99,82) (98,81) (99,80) (100,80) (101,79) (102,79) (103,79) (103,78) (104,77) (105,76) (106,76) (107,75) (108,75) (109,74) (110,73) (109,73) (108,72) (107,71) (106,70) (105,69) (104,68) (103,67) (102,66) (101,66) (100,65) (99,64) (98,64) (97,63) (96,63) (95,62) (94,61) (93,61) (92,60) (91,60) (90,61) (90,62) (91,63) (92,64) (91,65) (90,66) (89,67) (88,67) (87,66) (86,65) (85,66) (84,65) (83,66) (82,67) (81,66) (80,66) (79,65) (78,65) (77,65) (78,66) (79,66) (80,67) (79,68) (78,69) (77,70) (76,70) (75,70) (74,70) (73,70) 
cluster27edge:(74,67) (75,67) 
cluster28edge:(77,29) (78,29) 
cluster29edge:(77,33) (78,33) (78,32) 
cluster30edge:(80,280) (80,281) (81,280) (82,281) (83,280) (82,279) (81,279) 
cluster31edge:(85,56) (85,57) (86,57) (87,57) (87,56) (86,55) 
cluster32edge:(85,288) (86,288) (87,288) (88,289) (87,290) (86,290) (87,291) (86,292) (87,292) (88,293) (89,292) (90,292) (91,292) (92,293) (92,292) (93,291) (94,292) (95,291) (94,290) (93,289) (93,288) (93,287) (92,287) (91,286) (90,286) (89,286) (88,286) (87,286) (86,286) (86,287) 
cluster33edge:(86,59) (87,60) (88,59) (87,59) 
cluster34edge:(91,95) (92,96) (93,97) (94,98) (95,99) (96,98) (97,99) (98,100) (99,100) (100,100) (101,99) (102,100) (103,99) (104,99) (105,98) (106,97) (107,96) (108,95) (109,95) (110,94) (111,94) (112,94) (113,93) (114,94) (115,93) (116,93) (117,93) (118,94) (119,93) (120,94) (121,93) (122,94) (123,94) (124,94) (125,94) (126,94) (127,94) (128,95) (128,96) (129,97) (129,98) (130,97) (131,96) (132,95) (133,95) (134,95) (133,94) (132,94) (131,94) (130,94) (129,94) (128,93) (129,92) (130,91) (131,91) (132,91) (133,91) (132,90) (131,89) (131,88) (131,87) (130,86) (129,85) (128,86) (127,85) (126,85) (125,84) (124,83) (123,82) (122,81) (121,81) (120,80) (119,79) (118,78) (117,78) (116,78) (115,78) (114,78) (113,78) (112,79) (113,80) (112,81) (111,81) (110,82) (109,82) (108,83) (107,83) (106,84) (105,85) (104,85) (104,86) (103,87) (102,88) (101,88) (100,89) (99,89) (98,90) (97,90) (96,90) (97,91) (96,92) (95,92) (94,92) (93,93) (92,93) (92,94) 
cluster35edge:(94,279) (94,280) (95,280) (96,280) (97,281) (98,280) (97,279) (96,279) (95,279) 
cluster36edge:(103,158) (103,159) (104,159) (105,159) (106,158) (105,157) (104,157) 
cluster37edge:(107,273) (108,274) (109,274) (110,274) (111,273) (110,272) (109,271) (108,270) (108,271) (108,272) 
cluster38edge:(110,276) (111,276) 
cluster39edge:(113,119) (114,120) (114,121) (114,122) (114,123) (114,124) (114,125) (114,126) (115,127) (116,127) (117,128) (118,128) (119,128) (120,127) (121,128) (122,128) (123,127) (124,127) (125,126) (126,125) (127,125) (126,124) (125,123) (124,122) (124,121) (123,121) (122,120) (123,119) (124,118) (123,118) (122,118) (121,118) (120,118) (119,118) (118,117) (119,116) (120,116) (121,116) (122,116) (123,116) (122,115) (121,114) (120,114) (119,113) (118,113) (117,114) (116,114) (115,115) (114,116) (114,117) (114,118) 
cluster40edge:(139,95) (140,95) 
cluster41edge:(141,162) (142,162) 
cluster42edge:(145,173) (145,174) (146,173) 
cluster43edge:(146,279) (147,280) (146,281) (147,282) (148,283) (149,284) (150,284) (150,283) (151,282) (150,281) (149,280) (150,279) (151,279) (152,279) (153,279) (154,278) (153,277) (152,278) (151,277) (150,277) (149,278) (148,278) (147,278) 
cluster44edge:(150,163) (151,164) (152,165) (152,166) (153,167) (153,168) (154,169) (153,170) (154,171) (155,170) (156,170) (157,171) (158,172) (159,173) (160,174) (160,175) (161,176) (162,177) (163,177) (164,177) (163,176) (164,175) (165,175) (166,174) (165,173) (166,172) (167,172) (167,171) (166,170) (167,169) (166,168) (165,167) (164,166) (163,166) (162,165) (161,166) (160,165) (159,164) (158,164) (157,163) (156,163) (155,162) (154,163) (153,162) (152,162) (151,163) 
cluster45edge:(155,266) (155,267) (155,268) (156,269) (157,269) (158,269) (159,269) (160,269) (161,268) (162,267) (162,266) (163,265) (164,264) (163,264) (162,263) (161,263) (160,262) (159,262) (158,263) (157,263) (157,264) (156,265) 
cluster46edge:(158,251) (158,252) (159,253) (158,254) (159,254) (160,254) (161,255) (162,255) (161,254) (162,253) (163,253) (164,253) (165,254) (164,255) (163,255) 
cluster47edge:(161,261) (162,261) 
cluster48edge:(165,68) (166,69) (167,70) (168,71) (169,72) (169,71) (170,70) (171,70) (172,70) (173,70) (174,69) (175,68) (175,67) (174,67) (173,67) (172,66) (173,65) (172,65) (171,64) (170,65) (169,64) (168,65) (167,66) (166,67) 
cluster49edge:(167,265) (168,266) (168,265) 
cluster50edge:(173,262) (174,263) (175,262) (176,263) (177,262) (178,263) (179,262) (179,261) (179,260) (180,259) (179,258) (180,257) (179,256) (178,255) (177,255) (176,255) (175,255) (174,256) (175,257) (174,258) (175,258) (176,259) (175,260) (174,260) (175,261) (174,262) 
cluster51edge:(176,72) (177,72) 
cluster52edge:(183,92) (184,93) (184,94) (185,93) (186,94) (187,94) (188,94) (189,94) (190,94) (191,94) (192,94) (193,95) (192,96) (191,96) (190,96) (189,96) (190,97) (189,98) (189,99) (189,100) (190,100) (191,100) (192,100) (193,100) (194,101) (193,102) (194,102) (195,103) (196,102) (197,103) (198,102) (199,103) (200,103) (201,103) (202,103) (203,103) (204,104) (205,103) (206,103) (207,103) (206,102) (207,101) (208,100) (207,99) (207,98) (207,97) (206,96) (205,96) (204,95) (203,94) (202,94) (201,94) (200,94) (199,94) (198,93) (197,93) (196,92) (195,92) (194,92) (193,92) (192,92) (191,92) (190,92) (189,92) (188,93) (187,93) (186,93) (185,92) (186,91) (185,91) (184,91) 
cluster53edge:(186,17) (186,18) 
cluster54edge:(187,19) (187,20) (187,21) (188,20) 
cluster55edge:(192,28) (193,28) 
cluster56edge:(210,217) (211,218) (211,219) (211,220) (211,221) (212,222) (213,223) (212,224) (213,225) (214,226) (215,227) (216,228) (217,229) (218,229) (219,230) (220,229) (221,230) (222,231) (223,230) (224,229) (225,228) (226,229) (226,228) (225,227) (226,226) (226,225) (225,225) (224,225) (223,225) (222,224) (223,223) (222,223) (221,223) (220,222) (221,221) (220,221) (219,221) (218,220) (217,219) (216,219) (215,219) (214,218) (213,217) (214,216) (213,216) (212,216) (211,217) 
cluster57edge:(235,220) (235,221) (235,222) (236,223) (235,224) (236,225) (237,225) (238,226) (239,227) (240,227) (241,227) (242,226) (243,226) (244,226) (245,226) (246,226) (247,226) (247,225) (246,224) (247,223) (248,223) (248,222) (247,222) (246,221) (247,220) (246,219) (245,219) (244,218) (243,218) (242,217) (241,218) (240,217) (239,218) (238,218) (237,218) (236,219) 
cluster58edge:(238,105) (239,105) 
cluster59edge:(240,233) (241,233) (242,233) (243,234) (242,235) (241,235) (241,236) (240,237) (241,237) (242,238) (243,239) (244,240) (245,241) (246,241) (247,241) (248,241) (249,240) (250,239) (251,239) (252,238) (252,237) (252,236) (252,235) (251,234) (252,233) (252,232) (251,231) (250,231) (249,230) (250,229) (250,228) (249,229) (248,229) (247,229) (248,230) (247,231) (246,231) (245,231) (244,231) (243,231) (242,231) (241,232) 
cluster60edge:(245,18) (246,19) (245,20) (246,21) (247,22) (247,23) (248,22) (249,23) (250,24) (251,23) (251,22) (252,21) (253,21) (254,21) (253,20) (252,19) (251,18) (251,17) (251,16) (250,17) (249,16) (248,16) (247,16) (246,17) 
cluster61edge:(251,225) (252,225) 
cluster62edge:(253,144) (254,145) (254,146) (255,146) (256,147) (257,146) (256,146) (255,145) (255,144) (254,144) 
cluster63edge:(257,92) (257,93) (258,93) (258,92) 
cluster64edge:(267,139) (268,140) (268,141) (268,142) (269,143) (270,143) (271,143) (272,143) (271,142) (272,141) (273,141) (274,141) (275,141) (274,140) (275,139) (274,138) (273,137) (272,136) (271,136) (270,136) (269,137) (268,138) 
cluster65edge:(272,76) (272,77) (273,78) (273,79) (274,80) (275,81) (276,80) (277,81) (278,81) (279,82) (280,83) (281,83) (282,83) (283,84) (284,84) (285,84) (286,84) (287,85) (288,85) (289,85) (290,85) (291,86) (292,86) (293,86) (294,86) (295,86) (296,85) (297,85) (297,84) (298,83) (298,82) (298,81) (297,80) (297,79) (296,79) (295,79) (294,79) (293,79) (292,79) (291,78) (290,78) (289,78) (288,78) (287,78) (286,78) (285,78) (284,77) (285,76) (284,76) (283,76) (282,75) (281,75) (280,75) (279,75) (278,75) (277,75) (276,75) (275,75) (274,74) (275,73) (276,73) (275,72) (274,73) (273,74) (273,75) 
cluster66edge:(276,146) (277,147) (277,148) (278,149) (279,149) (280,149) (281,149) (282,149) (283,150) (284,149) (285,150) (286,149) (287,150) (288,149) (287,148) (286,147) (285,146) (285,145) (284,146) (283,145) (282,144) (281,144) (280,144) (279,143) (278,143) (277,144) (278,144) (279,145) (278,146) (277,146) 
cluster67edge:(276,235) (276,236) (276,237) (276,238) (276,239) (276,240) (277,241) (276,242) (277,243) (277,244) (278,245) (278,246) (279,247) (280,248) (280,249) (281,248) (282,248) (283,248) (282,247) (283,246) (284,246) (285,246) (286,245) (286,244) (287,243) (288,242) (287,241) (288,240) (289,239) (290,239) (291,239) (292,239) (291,238) (292,237) (293,237) (294,237) (295,237) (296,237) (296,236) (296,235) (296,234) (296,233) (295,232) (295,231) (294,230) (293,230) (292,229) (291,229) (290,229) (289,229) (288,229) (287,229) (286,229) (285,230) (284,230) (283,230) (282,230) (281,231) (280,232) (279,232) (278,233) (277,234) 
