cluster1edge:(0,139) (1,140) (1,141) (2,140) (3,139) (2,138) (1,139) 
cluster2edge:(7,142) (7,143) (7,144) (8,145) (9,144) (10,145) (11,145) (12,144) (13,144) (14,143) (15,142) (14,141) (14,140) (15,139) (15,138) (14,137) (14,136) (13,135) (12,135) (11,135) (11,136) (11,137) (12,138) (11,139) (10,140) (10,141) (9,142) (8,143) 
cluster3edge:(23,236) (24,237) (25,236) (24,236) 
cluster4edge:(25,295) (26,295) (27,296) (28,296) (29,295) (28,294) (27,294) (26,294) 
cluster5edge:(33,81) (34,82) (34,83) (35,84) (34,85) (33,85) (34,86) (35,87) (36,88) (36,89) (37,89) (38,89) (39,90) (40,89) (41,90) (42,91) (43,90) (44,90) (45,90) (46,89) (47,89) (48,88) (49,87) (49,86) (49,85) (48,84) (47,84) (46,83) (45,83) (44,83) (43,83) (42,83) (41,82) (40,82) (39,82) (38,82) (37,82) (36,82) (35,82) (34,81) (35,80) (36,80) (35,79) (34,80) 
cluster6edge:(40,214) (41,215) (41,216) (41,217) (42,218) (43,219) (44,220) (45,221) (46,222) (47,222) (48,223) (49,223) (50,223) (51,223) (52,222) (51,222) (50,221) (51,220) (50,220) (49,219) (50,218) (49,218) (48,218) (47,218) (46,217) (47,216) (48,216) (49,216) (48,215) (49,214) (50,214) (49,213) (48,213) (47,213) (46,213) (45,213) (44,212) (44,211) (43,211) (42,212) (41,211) (41,212) (41,213) 
cluster7edge:(43,78) (44,78) 
cluster8edge:(45,2) (45,3) (45,4) (46,5) (46,6) (47,7) (48,8) (49,8) (50,8) (51,7) (52,7) (53,7) (54,6) (54,5) (54,4) (53,4) (52,3) (53,2) (52,2) (51,1) (50,1) (49,2) (48,1) (47,2) (46,1) 
cluster9edge:(45,162) (46,163) (46,164) (47,165) (47,166) (48,166) (49,166) (50,167) (51,166) (52,167) (53,166) (54,165) (53,164) (54,163) (53,163) (52,163) (51,163) (50,162) (51,161) (50,161) (49,162) (48,162) (47,162) (46,162) 
cluster10edge:(57,218) (58,218) 
cluster11edge:(59,9) (59,10) (59,11) (60,12) (61,13) (61,14) (62,15) (63,15) (64,16) (65,16) (66,17) (67,17) (68,17) (69,17) (70,18) (71,18) (72,19) (73,18) (74,17) (75,16) (75,15) (76,14) (77,14) (78,14) (79,15) (80,16) (81,16) (82,17) (83,17) (84,17) (85,16) (86,16) (87,16) (88,15) (89,14) (88,13) (87,13) (86,13) (85,13) (84,12) (83,12) (82,11) (81,11) (80,11) (79,11) (78,11) (77,11) (76,11) (75,11) (74,11) (73,10) (72,11) (71,10) (70,9) (69,10) (68,9) (67,10) (66,9) (65,8) (64,8) (63,8) (62,8) (61,8) (60,9) 
cluster12edge:(66,176) (66,177) (66,178) (67,177) 
cluster13edge:(73,181) (74,181) 
cluster14edge:(79,47) (80,47) 
cluster15edge:(79,51) (80,51) 
cluster16edge:(91,92) (92,92) 
cluster17edge:(99,9) (99,10) (99,11) (100,11) (101,12) (100,13) (101,13) (102,13) (103,13) (104,13) (105,13) (106,14) (105,15) (106,16) (107,17) (108,17) (109,18) (110,19) (111,19) (112,20) (113,21) (114,21) (115,21) (116,21) (117,21) (118,20) (119,21) (120,20) (119,19) (120,18) (120,17) (120,16) (120,15) (121,14) (121,13) (121,12) (122,11) (122,10) (123,9) (124,9) (125,9) (126,8) (127,8) (127,7) (126,7) (125,6) (126,5) (126,4) (125,4) (124,3) (124,2) (123,1) (122,1) (121,1) (120,1) (119,1) (118,1) (117,2) (116,2) (115,2) (114,3) (113,4) (112,5) (111,6) (110,5) (109,6) (108,6) (107,7) (106,6) (105,7) (104,6) (104,7) (103,8) (102,8) (101,9) (100,9) 
cluster18edge:(99,113) (100,114) (99,115) (100,116) (100,117) (101,117) (102,116) (102,115) (102,114) (103,113) (102,112) (101,112) (100,112) 
cluster19edge:(106,165) (106,166) (107,167) (108,167) (109,167) (110,167) (111,168) (112,168) (113,168) (113,167) (112,167) (111,166) (110,165) (109,165) (108,165) (107,165) 
cluster20edge:(106,172) (106,173) (106,174) (107,175) (107,176) (108,177) (109,178) (110,179) (110,180) (111,181) (112,182) (113,182) (114,183) (115,184) (116,185) (117,186) (118,186) (119,187) (120,186) (121,186) (122,185) (123,184) (123,183) (124,182) (123,181) (124,180) (123,180) (122,179) (123,178) (122,178) (121,177) (122,176) (121,176) (120,175) (120,174) (120,173) (119,173) (118,173) (117,173) (116,173) (115,174) (114,173) (113,173) (112,173) (111,173) (110,173) (109,172) (108,172) (107,173) 
cluster21edge:(117,29) (117,30) (117,31) (117,32) (118,33) (119,33) (120,33) (121,34) (122,33) (121,32) (121,31) (120,30) (121,29) (120,29) (119,28) (118,28) 
cluster22edge:(117,50) (117,51) (118,50) 
cluster23edge:(118,52) (119,52) 
cluster24edge:(120,22) (120,23) 
cluster25edge:(120,53) (121,53) 
cluster26edge:(123,26) (124,26) (124,25) 
cluster27edge:(126,28) (126,29) (127,30) (128,29) (127,28) 
cluster28edge:(134,181) (135,182) (136,182) (137,182) (138,183) (137,184) (136,184) (135,184) (134,184) (134,185) (134,186) (135,187) (136,188) (137,187) (138,188) (139,188) (140,188) (141,189) (142,189) (143,188) (143,187) (142,188) (141,187) (140,186) (140,185) (141,184) (142,184) (143,183) (142,182) (143,181) (142,180) (141,179) (140,178) (139,177) (138,178) (137,177) (136,178) (135,179) (135,180) 
cluster29edge:(142,210) (143,211) (142,212) (143,212) (144,213) (145,214) (146,215) (147,216) (147,217) (148,218) (149,219) (150,220) (151,220) (152,220) (153,221) (154,222) (155,223) (154,224) (155,225) (156,225) (157,226) (158,226) (159,226) (160,226) (161,226) (162,225) (162,224) (163,223) (164,222) (165,221) (166,221) (167,220) (168,219) (169,218) (168,217) (168,216) (167,215) (166,214) (165,213) (164,214) (164,215) (163,216) (162,216) (161,217) (160,218) (159,218) (160,219) (160,220) (159,221) (158,221) (157,221) (156,221) (155,221) (154,221) (153,220) (153,219) (154,218) (153,218) (152,218) (151,217) (152,216) (153,216) (154,216) (155,216) (154,215) (155,214) (156,214) (155,213) (155,212) (156,211) (156,210) (155,209) (154,209) (153,208) (152,207) (151,206) (150,207) (149,206) (148,207) (147,206) (146,207) (145,206) (144,207) (143,208) (143,209) 
cluster30edge:(148,32) (148,33) (148,34) (149,35) (149,36) (150,37) (151,38) (152,39) (153,38) (154,39) (155,39) (156,38) (157,38) (158,38) (157,37) (157,36) (158,35) (159,35) (158,34) (159,33) (158,32) (157,31) (156,31) (155,30) (154,29) (153,30) (152,29) (151,30) (150,29) (149,30) (149,31) 
cluster31edge:(156,42) (157,42) (158,43) (159,42) (160,42) (161,42) (162,41) (162,40) (161,41) (160,41) (159,41) (158,41) (157,41) 
cluster32edge:(162,115) (163,116) (164,117) (165,117) (166,117) (167,117) (168,116) (169,117) (170,116) (170,115) (169,114) (168,113) (167,113) (166,113) (165,114) (164,113) (163,114) 
cluster33edge:(162,135) (162,136) (162,137) (163,137) (164,138) (165,137) (166,137) (167,137) (168,137) (168,136) (167,135) (166,134) (165,135) (164,136) (163,135) 
cluster34edge:(189,83) (190,84) (189,85) (190,86) (189,87) (190,88) (191,89) (192,90) (192,91) (193,91) (193,90) (194,89) (193,88) (194,87) (195,87) (194,86) (194,85) (195,84) (194,83) (194,82) (195,81) (194,81) (193,81) (192,81) (191,82) (190,81) (190,82) 
cluster35edge:(191,24) (192,24) (193,25) (194,26) (195,27) (196,28) (197,29) (198,30) (199,31) (200,32) (201,33) (201,34) (202,35) (202,36) (202,37) (203,36) (204,37) (205,36) (206,36) (207,36) (208,35) (209,34) (210,33) (209,32) (208,32) (207,32) (206,32) (205,32) (204,32) (203,32) (202,32) (201,31) (202,30) (203,30) (204,30) (205,30) (206,30) (207,30) (208,30) (209,30) (210,30) (211,30) (210,29) (211,28) (212,28) (213,28) (214,29) (215,29) (216,29) (217,28) (218,28) (219,28) (220,28) (221,28) (222,29) (223,30) (224,29) (225,30) (226,30) (227,30) (228,30) (229,30) (230,30) (231,30) (232,30) (233,30) (234,30) (235,30) (236,30) (237,30) (238,30) (239,31) (238,32) (239,32) (240,32) (241,32) (242,33) (243,33) (244,33) (245,32) (245,31) (244,30) (245,29) (246,29) (245,28) (246,27) (245,26) (244,25) (244,24) (243,23) (242,22) (241,21) (240,22) (239,21) (238,22) (237,22) (236,23) (235,23) (234,23) (233,23) (232,24) (231,23) (230,23) (229,22) (228,22) (227,22) (226,21) (225,20) (224,21) (223,20) (222,19) (221,19) (220,19) (219,18) (218,19) (217,18) (216,19) (215,20) (214,20) (213,20) (212,20) (213,21) (214,21) (215,21) (216,21) (217,22) (216,23) (215,23) (214,23) (213,23) (212,23) (211,24) (210,25) (209,25) (208,25) (207,24) (206,23) (205,23) (204,23) (205,24) (204,25) (203,25) (202,25) (201,24) (202,23) (201,23) (200,23) (199,23) (198,23) (197,23) (196,23) (195,22) (194,22) (193,22) (192,23) 
cluster36edge:(194,217) (194,218) (194,219) (194,220) (194,221) (195,222) (195,223) (196,223) (197,224) (198,225) (198,226) (199,227) (198,228) (199,229) (199,230) (200,231) (201,232) (202,232) (203,233) (204,234) (205,235) (206,235) (207,235) (208,235) (209,236) (210,236) (211,237) (211,238) (212,237) (212,236) (212,235) (212,234) (213,233) (212,232) (211,231) (211,230) (211,229) (211,228) (211,227) (210,227) (209,226) (208,227) (207,227) (206,227) (205,227) (204,227) (203,227) (202,227) (201,227) (200,227) (199,226) (200,225) (201,225) (202,225) (202,224) (203,223) (202,222) (201,221) (201,220) (200,220) (199,220) (198,219) (198,218) (199,217) (200,217) (199,216) (198,216) (197,216) (196,215) (195,216) 
cluster37edge:(199,16) (200,16) (201,17) (202,16) (203,17) (203,18) (204,18) (205,18) (206,19) (207,19) (208,19) (207,18) (208,17) (209,16) (210,16) (211,16) (212,16) (211,15) (210,14) (209,14) (208,13) (207,13) (206,13) (205,12) (204,13) (203,13) (202,14) (201,14) (200,15) 
cluster38edge:(201,42) (202,43) (201,44) (202,45) (203,45) (204,45) (205,44) (204,43) (205,42) (204,41) (203,41) (202,40) (202,41) 
cluster39edge:(206,225) (207,225) 
cluster40edge:(210,124) (211,125) (212,126) (213,125) (214,124) (213,123) (212,123) (211,123) 
cluster41edge:(214,54) (215,55) (216,56) (217,57) (218,56) (217,55) (216,54) (215,53) 
cluster42edge:(214,133) (215,134) (216,135) (217,134) (218,134) (219,134) (220,133) (221,132) (220,131) (219,130) (219,129) (218,129) (217,129) (216,128) (215,128) (216,129) (215,130) (216,131) (215,132) 
cluster43edge:(215,34) (216,34) (217,35) (217,36) (216,37) (215,37) (216,38) (215,39) (216,40) (217,41) (218,42) (219,43) (220,44) (221,45) (222,44) (223,45) (224,46) (225,46) (226,47) (227,46) (228,47) (229,47) (230,48) (231,48) (232,48) (233,48) (234,48) (235,48) (236,48) (237,47) (238,48) (239,47) (240,48) (241,47) (242,48) (243,47) (244,47) (245,46) (246,45) (247,45) (248,44) (247,43) (248,42) (249,41) (248,40) (248,39) (247,39) (246,39) (245,39) (244,38) (243,38) (242,38) (241,38) (240,38) (239,38) (238,38) (237,38) (236,38) (235,38) (234,37) (233,37) (232,37) (231,36) (230,36) (229,36) (228,36) (227,36) (226,35) (225,35) (224,34) (223,34) (222,34) (221,34) (220,33) (219,34) (218,33) (217,33) (216,33) 
cluster44edge:(215,125) (216,125) 
cluster45edge:(231,238) (232,239) (231,240) (231,241) (232,242) (231,243) (231,244) (232,244) (233,245) (234,244) (233,243) (233,242) (234,241) (233,240) (234,239) (234,238) (235,237) (236,237) (237,237) (238,236) (239,235) (238,235) (237,234) (236,235) (235,235) (234,235) (233,236) (232,237) 
cluster46edge:(233,124) (234,124) (235,124) (234,123) 
cluster47edge:(241,237) (241,238) (242,238) (243,238) (244,238) (245,238) (244,237) (243,236) (242,236) 
cluster48edge:(245,263) (246,264) (245,265) (246,266) (247,267) (246,268) (247,269) (248,270) (247,271) (248,272) (249,273) (249,274) (249,275) (250,276) (249,277) (250,278) (250,279) (251,280) (251,281) (252,282) (253,283) (253,284) (254,285) (255,286) (256,285) (257,284) (258,285) (259,284) (260,283) (261,282) (262,283) (263,283) (264,282) (263,281) (262,280) (262,279) (261,278) (260,277) (261,276) (260,275) (261,274) (261,273) (262,272) (262,271) (262,270) (261,270) (260,269) (260,268) (261,267) (260,266) (259,265) (260,264) (259,264) (258,264) (257,263) (256,263) (255,263) (254,263) (253,263) (252,263) (251,262) (250,262) (249,261) (248,260) (247,261) (246,262) 
cluster49edge:(250,253) (251,254) (250,255) (251,256) (251,257) (252,257) (253,257) (254,257) (255,257) (256,257) (257,257) (258,257) (259,257) (260,258) (259,259) (260,260) (261,260) (261,259) (262,258) (261,257) (262,256) (261,255) (262,254) (261,253) (260,254) (259,253) (258,252) (257,252) (256,251) (256,250) (255,249) (254,249) (253,249) (252,250) (251,250) (252,251) (251,252) 
cluster50edge:(257,190) (258,191) (257,192) (258,193) (258,194) (259,195) (259,194) (260,193) (261,193) (262,193) (263,192) (264,192) (265,191) (264,191) (263,191) (262,191) (261,191) (260,191) (259,191) (258,190) 
cluster51edge:(262,248) (263,249) (264,249) (265,248) (266,248) (267,248) (268,248) (269,248) (270,248) (269,247) (268,246) (267,247) (266,246) (265,247) (264,248) (263,247) 
cluster52edge:(264,41) (264,42) (265,41) (266,41) (267,41) (268,41) (267,40) (266,40) (265,39) (265,40) 
cluster53edge:(264,51) (264,52) (265,51) 
cluster54edge:(264,195) (265,196) (266,197) (267,198) (268,197) (267,196) (268,195) (267,194) (267,193) (266,194) (265,195) 
cluster55edge:(265,44) (266,44) 
cluster56edge:(266,289) (267,289) (268,290) (269,291) (270,290) (271,289) (271,288) (270,288) (269,288) (268,288) (267,288) 
cluster57edge:(267,53) (268,53) 
cluster58edge:(268,276) (268,277) (269,277) (270,278) (269,279) (269,280) (270,280) (271,281) (271,282) (272,282) (273,283) (274,283) (275,283) (276,283) (277,284) (276,285) (277,286) (278,286) (279,287) (278,288) (279,288) (280,288) (281,287) (282,288) (283,288) (284,289) (285,288) (286,288) (287,287) (288,286) (288,285) (288,284) (288,283) (287,282) (286,281) (287,280) (286,280) (285,279) (284,278) (283,278) (282,277) (281,277) (280,276) (279,275) (278,274) (277,273) (276,272) (275,272) (274,271) (273,271) (272,271) (271,272) (270,273) (270,274) (269,275) 
cluster59edge:(269,49) (270,49) 
cluster60edge:(269,54) (269,55) (270,55) 
cluster61edge:(271,291) (272,292) (272,291) 
cluster62edge:(275,49) (276,49) 
cluster63edge:(290,70) (291,70) 
