cluster1edge:(0,0) 
cluster2edge:(0,169) (299,168) (298,168) (297,168) (296,168) (296,169) (295,170) (294,171) (295,172) (296,173) (297,172) (297,171) (297,170) (298,169) (299,170) (0,171) (0,170) 
cluster3edge:(0,176) (299,177) (299,178) (298,179) (297,180) (296,180) (297,181) (298,182) (297,183) (296,183) (295,184) (294,185) (295,185) (296,186) (295,187) (294,187) (295,188) (296,187) (297,188) (298,187) (299,187) (0,187) (1,186) (2,186) (3,187) (4,187) (5,188) (6,187) (7,188) (8,189) (9,190) (10,189) (11,190) (11,191) (12,192) (13,193) (14,194) (15,195) (16,195) (17,195) (17,194) (17,193) (17,192) (18,191) (19,191) (20,191) (21,191) (22,191) (23,191) (24,192) (23,193) (22,193) (21,193) (21,194) (22,194) (23,195) (24,195) (25,194) (25,193) (25,192) (25,191) (24,190) (23,190) (22,190) (21,190) (20,190) (19,190) (18,189) (19,188) (20,188) (21,188) (22,188) (21,187) (20,187) (19,186) (19,185) (18,184) (17,183) (16,182) (16,181) (16,180) (17,179) (16,178) (16,177) (16,176) (15,176) (14,175) (15,174) (14,173) (14,172) (14,171) (13,170) (12,170) (11,169) (10,170) (9,170) (8,171) (7,171) (6,172) (7,173) (6,174) (5,174) (4,174) (3,174) (2,174) (1,174) (2,175) (1,176) 
cluster4edge:(15,17) (15,18) (16,19) (17,20) (16,21) (17,22) (18,22) (19,23) (20,24) (21,25) (22,25) (23,25) (24,26) (25,26) (26,26) (27,26) (28,26) (29,26) (30,27) (31,27) (32,27) (33,27) (34,27) (35,27) (36,27) (37,27) (38,27) (39,26) (40,26) (41,26) (40,25) (40,24) (39,24) (38,23) (39,22) (39,21) (39,20) (39,19) (38,18) (37,19) (36,19) (35,19) (34,18) (33,18) (32,18) (31,18) (30,18) (29,17) (28,17) (27,17) (26,17) (25,17) (24,17) (23,16) (22,16) (21,17) (20,17) (19,17) (18,17) (17,17) (16,17) 
cluster5edge:(16,256) (17,257) (16,258) (17,259) (18,260) (19,261) (20,262) (21,262) (20,261) (21,260) (22,260) (21,259) (21,258) (22,257) (23,257) (24,257) (25,257) (24,256) (23,255) (22,255) (21,255) (20,254) (19,255) (18,254) (17,255) 
cluster6edge:(18,196) (19,196) (19,195) 
cluster7edge:(20,7) (21,8) (21,9) (22,9) (23,10) (24,11) (23,12) (24,12) (25,12) (26,12) (27,12) (28,12) (29,12) (30,12) (31,12) (32,12) (33,12) (34,11) (34,10) (34,9) (33,8) (33,7) (32,6) (31,5) (30,4) (29,4) (28,4) (27,4) (26,4) (25,5) (24,4) (23,5) (22,5) (21,6) 
cluster8edge:(20,60) (21,61) (21,60) (22,59) (21,59) 
cluster9edge:(22,125) (23,125) 
cluster10edge:(26,284) (27,285) (27,286) (28,286) (29,286) (30,287) (31,287) (32,288) (33,288) (34,288) (35,289) (36,289) (37,290) (38,290) (39,291) (40,291) (41,291) (42,291) (43,292) (44,292) (45,292) (46,292) (47,292) (48,292) (49,291) (50,290) (49,289) (49,288) (49,287) (48,286) (47,285) (46,285) (45,284) (44,283) (43,283) (42,282) (41,281) (40,281) (39,281) (38,281) (37,280) (36,280) (35,280) (34,279) (33,280) (32,280) (31,279) (30,280) (29,281) (28,282) (27,282) (27,283) 
cluster11edge:(35,178) (36,179) (37,180) (38,179) (38,178) (38,177) (37,177) (36,177) 
cluster12edge:(37,296) (38,297) (37,298) (38,298) (39,299) (40,298) (41,299) (41,0) (42,0) (43,1) (44,1) (44,0) (45,299) (46,299) (47,299) (48,299) (47,298) (48,297) (47,297) (46,297) (45,297) (44,297) (43,297) (42,296) (41,296) (40,296) (39,296) (38,296) 
cluster13edge:(39,52) (40,52) (41,52) (40,51) 
cluster14edge:(43,208) (44,209) (43,210) (44,211) (43,212) (44,213) (44,214) (45,215) (46,216) (47,217) (48,218) (49,218) (50,218) (51,218) (52,218) (53,218) (54,218) (55,217) (56,216) (57,216) (58,216) (59,216) (60,216) (61,215) (60,215) (59,214) (58,213) (59,212) (58,211) (57,210) (58,209) (59,209) (58,208) (58,207) (57,207) (56,207) (55,206) (56,205) (55,205) (54,204) (54,203) (53,204) (52,203) (51,204) (50,203) (49,204) (48,204) (47,204) (46,205) (45,205) (44,206) (45,207) (44,208) 
cluster15edge:(46,165) (46,166) (47,167) (48,168) (48,169) (49,168) (50,168) (51,168) (52,168) (52,167) (51,167) (50,166) (51,165) (50,165) (49,164) (48,165) (47,165) 
cluster16edge:(49,69) (50,69) 
cluster17edge:(51,6) (52,7) (53,6) (54,7) (55,7) (56,7) (57,6) (58,5) (57,4) (57,3) (56,2) (55,3) (54,3) (53,3) (52,4) (53,5) (52,6) 
cluster18edge:(51,223) (52,224) (52,225) (52,226) (52,227) (52,228) (53,229) (52,230) (53,231) (54,232) (55,233) (56,232) (57,233) (58,232) (59,231) (60,232) (61,231) (62,231) (63,231) (64,231) (65,231) (66,232) (67,231) (68,232) (69,231) (69,230) (70,229) (70,228) (70,227) (69,226) (68,225) (68,224) (67,224) (66,224) (65,224) (64,224) (63,224) (62,224) (61,224) (60,224) (59,224) (58,223) (59,222) (58,222) (57,222) (56,222) (55,222) (54,222) (53,222) (52,223) 
cluster19edge:(52,84) (53,85) (53,86) (54,87) (54,88) (55,89) (56,89) (57,90) (58,90) (59,90) (60,90) (61,89) (62,90) (63,89) (63,88) (64,87) (63,87) (62,86) (62,85) (63,84) (62,83) (62,82) (63,81) (62,81) (61,80) (61,79) (60,78) (59,78) (58,77) (57,78) (56,77) (55,78) (55,79) (54,80) (53,81) (53,82) (53,83) 
cluster20edge:(55,171) (55,172) (56,172) (57,173) (58,173) (59,173) (60,173) (61,173) (62,173) (63,173) (64,172) (63,171) (62,170) (61,170) (60,170) (59,170) (58,170) (57,171) (56,171) 
cluster21edge:(61,68) (62,69) (63,70) (63,71) (64,70) (65,71) (66,72) (67,71) (66,70) (67,69) (66,68) (65,68) (64,67) (63,67) (62,68) 
cluster22edge:(66,96) (66,97) (67,98) (68,99) (69,100) (70,99) (71,100) (72,101) (73,101) (74,102) (75,102) (76,103) (77,102) (78,101) (77,101) (76,100) (77,99) (78,99) (79,98) (79,97) (78,97) (77,97) (76,96) (75,95) (74,95) (73,94) (72,94) (71,94) (70,95) (69,94) (68,93) (68,94) (67,95) 
cluster23edge:(67,81) (68,81) (69,82) (69,83) (68,84) (69,84) (70,84) (71,84) (72,85) (72,86) (71,87) (72,87) (73,88) (72,89) (73,89) (74,89) (75,90) (76,90) (77,91) (76,92) (77,92) (78,93) (77,94) (78,94) (79,94) (80,94) (81,93) (82,93) (83,93) (82,92) (83,91) (82,91) (81,90) (82,89) (83,89) (82,88) (82,87) (81,86) (80,85) (79,84) (78,83) (77,82) (76,81) (76,80) (75,79) (74,78) (73,77) (72,76) (71,76) (70,77) (69,77) (68,78) (68,79) (68,80) 
cluster24edge:(82,0) (83,1) (84,2) (84,3) (83,4) (82,5) (83,6) (82,7) (82,8) (82,9) (83,10) (83,11) (84,12) (83,13) (84,14) (85,15) (86,16) (86,17) (87,18) (88,19) (89,20) (90,20) (91,20) (92,20) (93,20) (94,19) (95,19) (95,18) (94,17) (95,16) (94,16) (93,15) (94,14) (95,14) (94,13) (94,12) (93,11) (94,10) (95,10) (96,10) (96,9) (95,8) (95,7) (96,6) (95,5) (94,4) (93,4) (92,3) (91,2) (90,1) (89,0) (88,299) (87,299) (86,299) (85,298) (84,298) (83,298) (82,298) (82,299) 
cluster25edge:(82,99) (83,99) (84,99) (85,98) (84,97) (83,97) (83,98) 
cluster26edge:(83,101) (84,101) 
cluster27edge:(94,133) (95,133) 
cluster28edge:(95,172) (96,172) (97,173) (96,174) (97,175) (97,176) (98,176) (99,176) (100,177) (100,178) (100,179) (99,180) (98,180) (97,180) (96,181) (97,181) (98,182) (99,182) (100,181) (101,181) (102,180) (103,180) (102,179) (103,178) (103,177) (104,176) (103,175) (103,174) (103,173) (103,172) (103,171) (103,170) (103,169) (103,168) (102,167) (101,166) (100,167) (99,166) (98,167) (97,168) (97,169) (96,170) (96,171) 
cluster29edge:(98,19) (99,19) 
cluster30edge:(101,146) (102,147) (101,148) (102,149) (103,150) (104,151) (105,152) (106,153) (107,154) (108,154) (109,154) (110,154) (111,154) (112,154) (113,154) (114,155) (115,154) (116,155) (117,156) (118,155) (119,156) (120,157) (121,157) (122,157) (123,158) (124,158) (125,159) (126,159) (127,160) (128,160) (129,160) (130,161) (131,162) (132,161) (133,162) (134,161) (134,160) (135,159) (135,158) (134,157) (134,156) (133,156) (132,156) (131,156) (130,155) (129,154) (130,153) (129,152) (128,152) (127,151) (128,150) (129,150) (130,150) (129,149) (129,148) (128,147) (127,147) (126,147) (125,146) (124,146) (123,145) (124,144) (123,143) (122,143) (121,142) (120,141) (121,140) (122,140) (123,140) (122,139) (121,139) (120,139) (119,139) (118,139) (117,139) (116,139) (115,140) (114,141) (113,141) (112,142) (111,143) (110,144) (109,145) (108,144) (107,145) (106,146) (105,145) (104,146) (103,147) (102,146) 
cluster31edge:(108,110) (109,111) (110,110) (111,109) (112,109) (113,109) (114,109) (113,108) (114,107) (115,107) (116,107) (117,107) (118,107) (119,107) (120,107) (121,107) (120,106) (119,106) (118,105) (119,104) (120,103) (121,103) (120,102) (119,102) (118,102) (117,102) (116,101) (115,102) (114,102) (113,103) (112,104) (111,105) (110,106) (110,107) (109,108) (109,109) 
cluster32edge:(108,185) (108,186) (108,187) (108,188) (108,189) (109,190) (108,191) (109,191) (110,191) (111,190) (112,190) (113,190) (114,191) (115,191) (116,191) (117,191) (118,191) (119,191) (120,192) (121,193) (122,194) (123,194) (124,193) (125,192) (126,191) (125,190) (126,189) (125,188) (124,187) (124,186) (123,186) (122,185) (121,185) (120,184) (119,184) (118,184) (117,183) (116,183) (115,184) (114,183) (113,183) (112,183) (111,184) (110,183) (109,184) 
cluster33edge:(108,291) (109,291) (110,291) (109,290) 
cluster34edge:(110,217) (111,218) (112,217) (111,217) 
cluster35edge:(113,247) (114,247) (115,247) (116,248) (115,249) (116,249) (117,249) (118,249) (119,249) (120,249) (121,250) (122,250) (123,251) (123,250) (123,249) (123,248) (122,247) (121,246) (120,246) (119,245) (118,245) (117,245) (116,245) (115,245) (114,246) 
cluster36edge:(115,251) (116,251) 
cluster37edge:(116,196) (117,196) 
cluster38edge:(117,254) (118,255) (119,256) (120,257) (121,257) (122,258) (123,257) (124,257) (125,257) (126,256) (125,255) (124,255) (123,254) (122,254) (121,254) (120,253) (119,253) (118,253) 
cluster39edge:(117,297) (118,298) (117,299) (118,299) (119,0) (120,1) (121,2) (122,3) (123,4) (124,5) (125,6) (126,6) (127,7) (128,7) (129,7) (130,8) (131,8) (132,8) (133,9) (134,9) (135,9) (136,9) (137,10) (138,11) (139,10) (139,9) (140,8) (141,7) (140,6) (139,6) (138,5) (138,4) (138,3) (137,3) (136,3) (135,2) (136,1) (137,1) (138,1) (139,2) (140,2) (141,2) (140,1) (140,0) (139,299) (138,299) (137,298) (136,298) (135,298) (134,297) (133,297) (132,296) (131,295) (131,294) (130,294) (129,293) (128,292) (127,293) (126,294) (125,294) (124,294) (124,295) (123,296) (124,296) (125,296) (126,297) (125,298) (124,298) (123,298) (122,297) 
cluster40edge:(118,195) (119,195) 
cluster41edge:(122,53) (123,53) 
cluster42edge:(122,292) (123,292) 
cluster43edge:(127,112) (128,112) 
cluster44edge:(131,32) (131,33) (132,34) (131,35) (131,36) (131,37) (132,38) (132,39) (132,40) (133,41) (134,41) (135,42) (135,43) (136,44) (137,45) (138,46) (138,45) (138,44) (139,43) (139,42) (139,41) (140,40) (139,39) (140,38) (141,37) (140,37) (139,36) (140,35) (139,34) (140,33) (139,32) (139,31) (139,30) (138,29) (137,29) (136,28) (135,29) (134,28) (133,29) (133,30) (132,31) 
cluster45edge:(148,257) (148,258) (149,259) (150,259) (151,259) (152,258) (152,257) (151,258) (150,258) (149,258) 
cluster46edge:(153,196) (153,197) (154,197) (155,198) (156,197) (157,198) (158,197) (157,196) (156,195) (155,195) (154,196) 
cluster47edge:(167,159) (168,160) (169,161) (168,162) (167,163) (168,164) (169,165) (170,164) (170,163) (170,162) (171,161) (172,160) (173,160) (174,159) (175,160) (176,160) (177,161) (178,160) (179,161) (180,160) (181,160) (180,159) (180,158) (181,157) (182,157) (183,156) (184,157) (185,156) (186,155) (187,155) (186,154) (187,153) (187,152) (186,151) (186,150) (187,149) (188,148) (189,148) (190,148) (189,147) (188,146) (188,145) (189,144) (188,143) (189,142) (190,142) (189,141) (188,140) (187,139) (186,138) (185,138) (184,137) (183,137) (182,137) (181,136) (180,136) (179,136) (178,136) (177,136) (176,137) (175,137) (174,138) (173,139) (172,140) (171,141) (170,142) (170,143) (169,144) (169,145) (169,146) (168,147) (168,148) (168,149) (168,150) (168,151) (168,152) (168,153) (168,154) (168,155) (168,156) (169,157) (168,158) 
cluster48edge:(167,235) (167,236) (168,237) (167,238) (167,239) (168,240) (169,241) (169,242) (169,243) (170,244) (171,245) (172,246) (173,247) (174,246) (175,247) (175,246) (174,245) (175,244) (176,244) (177,244) (176,243) (177,242) (178,242) (179,242) (180,242) (181,242) (182,242) (183,243) (182,244) (183,244) (184,245) (183,246) (182,246) (183,247) (184,247) (185,247) (186,247) (187,247) (188,247) (189,247) (190,248) (191,248) (192,249) (193,249) (194,249) (195,249) (196,249) (197,248) (197,247) (197,246) (196,245) (196,244) (195,243) (194,242) (193,241) (192,240) (191,239) (190,238) (189,237) (188,237) (187,236) (186,236) (185,235) (184,235) (183,235) (182,235) (181,235) (180,235) (179,234) (178,235) (177,234) (176,234) (175,233) (174,234) (173,233) (172,234) (171,233) (170,234) (169,235) (168,234) 
cluster49edge:(172,83) (172,84) (173,83) 
cluster50edge:(177,174) (177,175) 
cluster51edge:(181,162) (182,162) 
cluster52edge:(183,163) (184,164) (183,165) (184,166) (185,167) (185,168) (186,167) (187,168) (188,169) (189,168) (190,168) (191,168) (192,167) (193,168) (194,167) (195,166) (196,166) (197,165) (198,164) (199,163) (200,162) (199,161) (200,160) (199,160) (198,159) (199,158) (198,158) (197,158) (196,158) (195,158) (194,158) (193,157) (193,156) (192,156) (191,155) (190,156) (189,156) (188,157) (187,158) (186,159) (185,159) (186,160) (185,161) (184,162) 
cluster53edge:(184,252) (185,252) 
cluster54edge:(185,107) (186,107) (187,108) (188,108) (189,108) (189,107) (188,106) (187,106) (186,106) 
cluster55edge:(186,119) (187,120) (188,119) (189,119) (190,119) (191,119) (192,119) (193,119) (194,119) (193,118) (192,117) (191,117) (190,117) (189,117) (188,117) (187,117) (187,118) 
cluster56edge:(186,254) (187,254) 
cluster57edge:(188,33) (188,34) (189,35) (188,36) (189,37) (190,36) (191,36) (192,36) (193,35) (192,34) (192,33) (193,32) (193,31) (192,31) (191,31) (190,31) (189,31) (189,32) 
cluster58edge:(190,38) (191,38) 
cluster59edge:(193,258) (194,259) (195,260) (196,260) (197,259) (198,258) (197,257) (196,257) (195,256) (194,257) 
cluster60edge:(197,128) (198,129) (198,130) (199,131) (200,131) (201,132) (202,132) (203,132) (203,131) (204,130) (205,129) (205,128) (205,127) (205,126) (204,125) (204,124) (203,125) (202,124) (201,124) (200,124) (199,125) (199,126) (198,127) 
cluster61edge:(223,101) (224,101) (225,101) (226,101) (227,100) (226,99) (225,99) (224,100) 
cluster62edge:(223,157) (223,158) (223,159) (224,160) (223,161) (224,162) (225,162) (226,163) (227,163) (228,163) (229,163) (230,163) (231,162) (232,162) (233,161) (232,161) (231,161) (230,161) (229,160) (230,159) (231,159) (232,159) (231,158) (230,157) (229,157) (228,156) (228,155) (227,156) (226,156) (225,157) (224,156) 
cluster63edge:(223,168) (224,169) (223,170) (223,171) (223,172) (224,173) (224,174) (224,175) (224,176) (225,177) (225,178) (226,179) (226,180) (226,181) (226,182) (227,183) (227,184) (227,185) (228,186) (229,187) (230,188) (231,188) (232,187) (233,187) (234,186) (235,186) (236,185) (236,184) (237,183) (238,182) (237,182) (236,181) (237,180) (236,180) (235,180) (234,179) (235,178) (236,178) (237,177) (236,177) (235,177) (234,177) (233,176) (232,175) (233,174) (234,174) (235,173) (234,173) (233,173) (232,172) (232,171) (233,170) (232,170) (231,170) (230,169) (229,169) (228,169) (227,168) (226,168) (225,168) (224,168) 
cluster64edge:(232,22) (232,23) (233,22) 
cluster65edge:(233,40) (234,41) (233,42) (234,43) (233,44) (234,45) (233,46) (234,47) (234,48) (234,49) (234,50) (235,51) (236,52) (237,53) (237,54) (238,55) (239,55) (240,56) (241,56) (242,57) (243,56) (244,56) (244,55) (245,54) (246,54) (245,53) (246,52) (245,52) (244,52) (243,51) (244,50) (245,50) (246,50) (247,50) (246,49) (245,49) (244,49) (243,48) (244,47) (245,47) (244,46) (245,45) (246,45) (245,44) (246,43) (245,43) (244,42) (243,42) (242,41) (242,40) (243,39) (244,38) (244,37) (244,36) (243,36) (242,35) (241,34) (240,35) (239,35) (238,35) (237,36) (236,37) (235,37) (235,38) (234,39) 
cluster66edge:(233,166) (234,166) 
cluster67edge:(245,145) (246,146) (246,147) (246,148) (247,147) (248,148) (249,149) (249,150) (250,151) (250,152) (251,153) (252,154) (253,155) (254,154) (255,155) (256,154) (257,154) (258,153) (257,152) (256,151) (255,151) (254,150) (255,149) (254,149) (253,149) (252,149) (251,148) (250,147) (251,146) (251,145) (250,144) (249,144) (248,145) (247,144) (246,145) 
cluster68edge:(249,111) (249,112) (249,113) (249,114) (250,115) (251,115) (252,115) (253,116) (254,115) (255,115) (256,114) (255,113) (255,112) (254,111) (253,111) (252,111) (251,111) (250,112) 
cluster69edge:(251,289) (252,290) (252,291) (253,292) (254,292) (255,292) (256,293) (257,293) (258,293) (259,293) (260,293) (261,292) (262,292) (263,292) (264,292) (265,292) (266,292) (266,291) (267,290) (268,289) (269,289) (270,289) (271,289) (272,289) (273,289) (273,288) (272,287) (271,287) (270,286) (269,287) (268,286) (267,286) (266,285) (265,284) (264,285) (263,284) (262,283) (261,283) (260,283) (259,283) (258,283) (257,284) (256,285) (255,285) (254,286) (253,287) (252,287) (252,288) 
cluster70edge:(255,139) (255,140) (255,141) (255,142) (256,142) (257,142) (258,142) (259,143) (258,144) (259,144) (260,145) (260,144) (260,143) (261,142) (260,141) (259,140) (258,139) (257,139) (256,139) 
cluster71edge:(262,191) (262,192) (263,193) (264,193) (265,193) (266,194) (267,195) (268,195) (269,196) (270,195) (271,196) (272,196) (273,197) (274,196) (275,197) (276,196) (277,196) (278,195) (279,195) (279,194) (280,193) (280,192) (280,191) (279,190) (278,189) (279,188) (278,187) (277,187) (276,187) (275,187) (274,187) (273,186) (272,186) (271,186) (270,186) (269,186) (268,187) (267,187) (268,188) (267,189) (266,189) (265,190) (264,190) (263,191) 
cluster72edge:(265,240) (266,241) (266,242) (266,243) (267,244) (268,245) (269,245) (270,245) (270,244) (270,243) (269,243) (268,243) (267,242) (268,241) (267,241) (266,240) (266,239) 
cluster73edge:(266,110) (266,111) 
cluster74edge:(266,182) (266,183) (266,184) (266,185) (267,185) (268,185) (269,184) (270,184) (271,183) (270,182) (269,183) (268,183) (267,183) 
cluster75edge:(270,293) (271,294) (272,294) (273,294) (274,295) (275,295) (276,295) (277,296) (276,297) (277,297) (278,297) (279,298) (278,299) (277,299) (276,299) (277,0) (276,1) (275,1) (274,1) (273,2) (272,3) (273,4) (274,5) (274,6) (275,7) (276,8) (276,9) (277,10) (278,11) (279,12) (280,12) (281,13) (282,13) (283,14) (284,14) (285,14) (286,13) (287,13) (288,12) (289,11) (288,11) (287,10) (287,9) (286,9) (285,9) (284,9) (283,9) (282,8) (283,7) (282,6) (283,5) (284,5) (285,5) (286,4) (285,3) (284,3) (283,3) (282,2) (283,1) (284,1) (285,1) (285,0) (284,299) (283,299) (282,299) (281,298) (282,297) (283,297) (282,296) (281,295) (280,296) (279,295) (278,294) (277,294) (276,293) (275,293) (274,293) (273,293) (272,293) (271,293) 
cluster76edge:(281,178) (281,179) (282,180) (282,181) (283,182) (284,183) (285,183) (286,183) (285,182) (286,181) (287,181) (288,180) (289,180) (288,179) (289,178) (288,177) (288,176) (287,175) (286,174) (285,174) (284,174) (283,174) (283,175) (282,176) (282,177) 
cluster77edge:(287,285) (288,286) (289,287) (290,287) (291,286) (292,286) (293,285) (292,284) (292,283) (291,282) (290,283) (289,282) (288,283) (288,284) 
