cluster1edge:(10,162) (11,163) (11,164) (12,164) (13,164) (14,165) (13,166) (13,167) (14,166) (15,167) (16,168) (17,168) (18,168) (19,168) (18,167) (19,166) (20,166) (21,166) (22,165) (23,165) (24,165) (25,165) (26,165) (25,164) (26,163) (27,163) (28,163) (29,163) (30,163) (31,163) (32,163) (33,163) (34,163) (34,162) (35,161) (35,160) (34,159) (33,158) (32,157) (31,156) (30,156) (29,155) (28,155) (27,155) (26,155) (25,154) (24,155) (23,155) (22,154) (21,155) (20,155) (19,155) (18,155) (17,155) (16,156) (15,157) (14,156) (13,157) (12,158) (12,159) (11,160) (11,161) 
cluster2edge:(24,171) (24,172) (24,173) (25,174) (24,175) (25,175) (26,176) (27,177) (28,178) (29,179) (30,180) (31,180) (32,179) (33,180) (34,179) (35,180) (36,180) (37,179) (38,179) (39,178) (40,177) (41,177) (42,176) (41,175) (42,174) (41,173) (42,172) (41,171) (42,170) (41,169) (40,169) (39,169) (38,169) (37,168) (36,168) (35,168) (34,168) (33,168) (32,168) (31,168) (30,168) (29,168) (28,168) (29,169) (28,170) (27,171) (26,171) (25,171) 
cluster3edge:(51,297) (52,297) (53,297) (52,296) 
cluster4edge:(52,0) (52,299) 
cluster5edge:(54,0) (55,0) 
cluster6edge:(54,296) (55,296) (56,296) (57,297) (58,297) (59,297) (59,296) (58,296) (57,296) (56,295) (55,295) 
cluster7edge:(59,85) (60,86) (61,87) (62,88) (63,89) (64,88) (65,89) (66,88) (65,87) (64,86) (63,85) (62,86) (61,85) (60,85) 
cluster8edge:(62,81) (63,81) 
cluster9edge:(66,233) (67,234) (66,235) (67,235) (68,235) (69,235) (69,234) (70,233) (69,233) (68,233) (67,232) 
cluster10edge:(72,80) (73,81) (74,80) (73,79) 
cluster11edge:(78,26) (78,27) (79,28) (79,29) (78,30) (78,31) (78,32) (78,33) (78,34) (79,35) (79,36) (80,37) (80,38) (81,38) (82,39) (83,40) (84,39) (83,38) (84,37) (85,36) (85,35) (85,34) (84,33) (84,32) (84,31) (85,30) (86,30) (87,29) (86,28) (87,27) (88,27) (89,27) (88,26) (89,25) (90,25) (90,24) (90,23) (89,22) (88,21) (87,20) (86,21) (85,20) (84,21) (83,20) (82,21) (81,22) (80,22) (80,23) (80,24) (79,25) 
cluster12edge:(90,43) (91,43) 
cluster13edge:(93,38) (94,39) (93,40) (94,41) (95,41) (96,42) (97,43) (98,44) (99,45) (100,44) (101,43) (102,42) (103,41) (104,40) (104,39) (104,38) (103,37) (103,36) (102,35) (101,34) (100,34) (99,33) (98,33) (97,32) (96,33) (95,34) (95,35) (96,35) (97,35) (98,36) (97,37) (96,37) (95,38) (94,38) 
cluster14edge:(95,26) (95,27) 
cluster15edge:(116,65) (117,66) (118,65) (117,65) 
cluster16edge:(120,43) (121,44) (122,45) (123,46) (124,46) (125,46) (126,45) (127,46) (128,45) (129,46) (130,46) (131,46) (132,46) (133,45) (132,44) (131,44) (130,44) (129,43) (128,42) (129,41) (128,40) (128,39) (127,39) (126,38) (125,39) (124,39) (123,40) (122,40) (121,40) (122,41) (121,42) 
cluster17edge:(125,109) (126,110) (127,111) (128,111) (129,110) (130,111) (131,110) (132,111) (133,110) (132,109) (132,108) (131,108) (130,107) (129,106) (128,107) (127,107) (126,108) 
cluster18edge:(131,117) (132,118) (133,119) (134,119) (135,120) (136,121) (137,120) (138,120) (139,120) (140,120) (140,119) (141,118) (140,118) (139,117) (138,117) (137,116) (136,116) (135,116) (134,115) (133,115) (132,116) 
cluster19edge:(136,46) (137,46) 
cluster20edge:(136,112) (137,112) 
cluster21edge:(136,157) (136,158) (137,159) (136,160) (137,160) (138,161) (138,160) (139,159) (139,158) (138,157) (137,157) 
cluster22edge:(136,243) (136,244) (137,245) (136,246) (136,247) (137,248) (138,249) (138,250) (139,250) (140,250) (139,249) (139,248) (140,247) (139,247) (138,247) (137,246) (138,245) (137,244) 
cluster23edge:(138,40) (139,41) (140,41) (141,42) (140,43) (141,43) (142,42) (141,41) (140,40) (139,40) 
cluster24edge:(138,243) (139,243) 
cluster25edge:(138,285) (138,286) (138,287) (138,288) (138,289) (139,289) (140,289) (141,289) (142,289) (141,288) (142,287) (143,287) (144,286) (143,285) (144,284) (143,283) (144,282) (145,282) (146,282) (147,282) (146,281) (145,280) (144,281) (143,281) (142,281) (141,282) (140,283) (139,284) 
cluster26edge:(142,46) (142,47) 
cluster27edge:(142,244) (143,244) 
cluster28edge:(142,292) (143,292) 
cluster29edge:(144,144) (144,145) (145,146) (145,147) (146,147) (147,147) (146,146) (147,145) (148,145) (149,145) (150,145) (151,145) (152,145) (153,145) (154,144) (155,143) (154,142) (154,141) (153,142) (152,141) (151,141) (150,141) (149,141) (148,141) (147,141) (146,141) (145,142) (145,143) 
cluster30edge:(145,292) (145,293) (145,294) (146,294) (147,294) (148,294) (149,294) (150,294) (151,294) (152,293) (153,292) (152,291) (152,290) (152,289) (151,289) (150,289) (149,289) (150,290) (149,291) (148,291) (147,291) (146,292) 
cluster31edge:(148,260) (148,261) (149,262) (148,263) (149,264) (150,265) (150,266) (151,267) (152,268) (153,269) (154,270) (155,269) (154,268) (153,267) (152,266) (152,265) (151,264) (151,263) (150,262) (150,261) (149,260) (149,259) 
cluster32edge:(150,151) (151,151) 
cluster33edge:(156,258) (156,259) (156,260) (157,261) (158,260) (159,261) (160,262) (161,263) (162,264) (162,265) (163,266) (163,267) (163,268) (164,268) (165,269) (166,270) (167,271) (168,271) (169,270) (170,269) (171,270) (172,269) (171,268) (172,267) (173,266) (172,265) (171,264) (171,263) (170,262) (169,262) (168,261) (167,261) (166,261) (165,260) (164,261) (163,260) (162,260) (161,259) (160,260) (159,259) (158,258) (157,258) 
cluster34edge:(156,270) (156,271) 
cluster35edge:(190,256) (191,257) (192,258) (193,258) (194,258) (195,258) (196,258) (197,257) (198,257) (199,257) (200,256) (200,255) (199,254) (198,253) (197,254) (196,253) (195,254) (194,253) (193,253) (192,253) (191,254) (191,255) 
cluster36edge:(191,60) (192,61) (193,62) (194,62) (195,63) (196,63) (197,63) (198,63) (199,63) (200,63) (201,62) (200,62) (199,61) (199,60) (199,59) (198,59) (197,58) (196,58) (195,58) (194,59) (193,58) (192,59) 
cluster37edge:(194,68) (195,69) (196,69) (195,68) 
cluster38edge:(200,69) (201,69) 
cluster39edge:(211,214) (212,215) (211,216) (211,217) (212,217) (213,218) (212,219) (212,220) (212,221) (213,221) (214,221) (215,221) (216,221) (217,220) (218,219) (219,219) (220,218) (221,219) (221,218) (221,217) (222,216) (222,215) (222,214) (221,213) (221,212) (221,211) (220,210) (219,211) (218,210) (217,209) (216,210) (215,210) (214,210) (213,211) (212,211) (213,212) (212,213) 
cluster40edge:(222,227) (222,228) (223,229) (224,229) (225,230) (226,230) (227,230) (228,230) (229,230) (230,229) (231,229) (232,229) (233,228) (234,227) (234,226) (234,225) (233,224) (233,223) (232,222) (231,223) (230,222) (229,223) (228,223) (227,224) (226,224) (225,225) (224,225) (223,226) 
cluster41edge:(226,9) (227,10) (226,11) (227,11) (228,11) (229,12) (230,11) (231,11) (231,10) (230,9) (229,8) (228,8) (227,8) 
cluster42edge:(232,12) (233,13) (234,14) (235,13) (236,13) (237,13) (238,13) (239,13) (238,12) (237,12) (236,11) (236,10) (237,9) (236,9) (235,9) (235,10) (234,11) (233,10) (233,11) 
cluster43edge:(245,288) (246,288) 
cluster44edge:(247,289) (247,290) 
cluster45edge:(250,294) (251,294) 
cluster46edge:(256,41) (257,41) 
cluster47edge:(273,167) (274,168) (273,169) (274,170) (275,171) (276,172) (277,171) (278,170) (279,170) (279,169) (279,168) (279,167) (278,166) (277,167) (276,166) (275,165) (274,166) 
cluster48edge:(289,38) (289,39) (289,40) (290,41) (290,42) (291,42) (292,43) (293,43) (294,42) (295,42) (296,41) (296,40) (296,39) (297,38) (297,37) (296,36) (297,35) (296,34) (295,33) (294,34) (293,34) (292,34) (292,35) (292,36) (291,37) (290,38) 
