cluster1edge:(0,263) (299,262) (298,261) (297,262) (296,261) (295,262) (294,261) (293,261) (292,260) (291,260) (290,260) (289,260) (288,260) (287,260) (286,261) (285,262) (285,263) (285,264) (285,265) (286,266) (287,267) (288,267) (289,267) (290,267) (291,267) (292,267) (293,267) (294,268) (295,268) (296,268) (297,268) (298,267) (299,268) (0,267) (1,268) (2,267) (3,268) (4,269) (5,270) (6,271) (7,270) (8,271) (9,271) (10,271) (11,271) (12,272) (13,272) (14,272) (15,271) (16,271) (17,270) (18,270) (19,270) (20,270) (21,269) (22,269) (21,268) (20,267) (20,266) (19,266) (18,265) (17,265) (16,265) (15,265) (14,264) (13,263) (12,263) (11,262) (10,263) (9,262) (8,261) (7,262) (6,261) (5,262) (4,263) (3,262) (2,263) (1,262) 
cluster2edge:(0,278) (299,278) (298,277) (297,277) (296,276) (295,276) (294,276) (293,276) (292,277) (291,276) (290,275) (289,274) (288,274) (287,274) (286,275) (287,276) (286,277) (285,278) (286,279) (287,280) (288,279) (289,280) (290,279) (291,280) (292,279) (293,280) (294,280) (295,280) (296,280) (297,281) (298,280) (299,281) (0,280) (1,279) 
cluster3edge:(4,209) (4,210) (5,211) (4,212) (4,213) (4,214) (5,215) (6,215) (7,216) (8,216) (9,217) (10,218) (10,219) (9,220) (10,221) (11,221) (12,221) (13,222) (14,222) (15,223) (16,222) (17,223) (18,222) (17,221) (16,220) (15,219) (14,218) (13,217) (12,216) (13,215) (12,214) (12,213) (12,212) (13,211) (12,210) (11,209) (11,208) (10,207) (9,206) (8,205) (7,206) (6,207) (5,208) 
cluster4edge:(5,227) (6,228) (7,229) (8,230) (9,231) (10,230) (11,230) (12,231) (12,230) (13,229) (14,228) (13,228) (12,228) (11,228) (10,228) (9,228) (8,228) (7,227) (8,226) (7,226) (6,226) 
cluster5edge:(7,279) (8,280) (9,281) (10,281) (11,282) (12,281) (13,280) (12,279) (11,279) (10,279) (9,278) (10,277) (9,276) (9,277) (8,278) 
cluster6edge:(24,298) (25,299) (26,0) (26,1) (27,2) (27,3) (27,4) (28,4) (29,4) (30,4) (31,4) (31,3) (32,2) (32,1) (31,0) (30,0) (29,299) (28,298) (27,298) (26,298) (25,298) 
cluster7edge:(40,143) (40,144) 
cluster8edge:(44,144) (45,145) (46,146) (47,147) (47,148) (48,149) (49,148) (50,149) (51,148) (50,147) (51,146) (50,145) (51,144) (50,144) (49,143) (48,143) (47,143) (46,144) (45,143) 
cluster9edge:(63,226) (63,227) (64,227) (65,228) (66,228) (66,227) (67,226) (68,225) (69,225) (70,225) (71,225) (70,224) (70,223) (70,222) (69,221) (68,221) (67,220) (66,221) (65,220) (65,221) (64,222) (65,222) (66,223) (65,224) (64,224) (64,225) 
cluster10edge:(66,1) (67,2) (66,3) (66,4) (67,5) (67,6) (68,7) (69,7) (70,7) (71,7) (72,7) (73,7) (74,7) (75,7) (76,6) (77,6) (78,5) (77,5) (76,4) (75,3) (74,2) (73,1) (72,2) (71,1) (70,0) (69,0) (68,1) (67,1) 
cluster11edge:(68,12) (68,13) (68,14) (69,15) (70,16) (71,17) (72,18) (73,18) (74,19) (75,20) (76,21) (77,21) (78,22) (79,22) (80,23) (81,23) (82,23) (83,23) (84,23) (85,24) (86,23) (87,23) (88,23) (89,22) (90,22) (91,21) (92,21) (93,21) (94,22) (93,23) (94,23) (95,24) (95,25) (96,26) (97,26) (98,26) (99,27) (100,26) (101,27) (102,26) (103,26) (104,26) (105,26) (106,25) (107,26) (108,25) (109,25) (110,24) (110,23) (110,22) (109,21) (108,20) (108,19) (107,18) (106,18) (105,18) (104,18) (103,18) (102,18) (101,18) (100,17) (99,16) (100,15) (99,15) (98,14) (97,15) (96,16) (95,17) (96,17) (97,18) (96,19) (95,19) (94,19) (93,19) (92,20) (91,20) (90,20) (89,19) (88,19) (87,18) (88,17) (89,17) (89,16) (90,15) (89,14) (88,13) (87,13) (86,12) (85,12) (84,12) (83,12) (82,12) (81,12) (80,12) (79,12) (78,11) (77,11) (76,11) (75,12) (74,12) (73,12) (72,11) (71,11) (70,11) (69,11) 
cluster12edge:(68,232) (69,232) 
cluster13edge:(85,179) (86,179) (87,179) (88,179) (89,179) (88,178) (87,178) (86,178) 
cluster14edge:(85,187) (86,187) 
cluster15edge:(90,180) (91,180) 
cluster16edge:(105,12) (106,12) 
cluster17edge:(105,14) (106,14) 
cluster18edge:(108,14) (108,15) (109,14) (110,15) (110,14) (109,13) 
cluster19edge:(114,257) (115,258) (114,259) (115,260) (115,261) (116,262) (117,261) (118,260) (118,259) (119,258) (120,257) (121,256) (120,255) (120,254) (119,253) (119,252) (118,253) (117,253) (116,254) (115,254) (115,255) (115,256) 
cluster20edge:(127,35) (128,36) (129,37) (130,38) (131,38) (132,38) (133,38) (134,38) (134,37) (134,36) (133,36) (132,36) (131,36) (130,35) (129,35) (128,34) 
cluster21edge:(130,271) (131,272) (130,273) (130,274) (130,275) (130,276) (130,277) (130,278) (131,279) (131,280) (131,281) (132,280) (133,281) (133,282) (134,283) (135,284) (136,284) (137,284) (138,284) (139,285) (140,285) (141,285) (142,285) (143,285) (144,285) (145,285) (146,285) (147,285) (148,284) (147,284) (146,284) (145,283) (146,282) (147,282) (148,281) (149,280) (150,280) (151,280) (150,279) (151,278) (152,278) (153,278) (153,277) (154,276) (155,275) (154,274) (155,273) (154,272) (154,271) (153,270) (153,269) (153,268) (152,268) (151,268) (150,268) (149,267) (148,266) (148,265) (147,266) (146,267) (145,266) (144,267) (143,266) (142,267) (141,266) (140,265) (139,264) (138,264) (137,264) (136,263) (135,263) (134,263) (133,263) (132,262) (132,263) (131,264) (132,265) (132,266) (132,267) (132,268) (132,269) (131,270) 
cluster22edge:(130,294) (131,295) (130,296) (131,297) (131,298) (131,299) (131,0) (131,1) (132,2) (133,3) (133,4) (134,5) (135,6) (136,5) (137,6) (138,6) (139,5) (140,5) (141,5) (141,4) (140,4) (139,3) (140,2) (141,2) (140,1) (140,0) (141,299) (142,298) (143,298) (143,297) (143,296) (144,295) (145,294) (144,293) (143,293) (142,292) (143,291) (144,291) (144,290) (143,289) (142,290) (141,290) (140,290) (139,290) (138,290) (137,290) (136,290) (135,290) (134,290) (133,290) (133,291) (132,292) (131,293) 
cluster23edge:(131,259) (132,260) (133,260) (132,259) 
cluster24edge:(132,109) (132,110) (133,111) (134,112) (135,112) (135,111) (135,110) (135,109) (134,109) (133,109) 
cluster25edge:(136,23) (137,23) (138,23) (139,23) (138,22) (137,22) 
cluster26edge:(147,203) (148,203) 
cluster27edge:(152,189) (152,190) (152,191) (153,192) (153,193) (154,194) (155,195) (156,195) (157,195) (158,195) (159,195) (160,195) (161,196) (160,197) (159,197) (159,198) (158,199) (159,200) (160,201) (160,202) (161,203) (161,204) (162,204) (163,205) (164,204) (165,205) (166,204) (167,205) (168,204) (169,204) (170,204) (171,204) (172,204) (173,204) (174,204) (175,203) (176,203) (177,203) (178,203) (179,202) (180,201) (181,200) (181,199) (182,198) (183,197) (184,196) (183,196) (182,196) (181,196) (180,195) (179,194) (178,195) (177,194) (176,194) (175,194) (174,193) (173,193) (172,193) (171,192) (171,193) (170,194) (169,195) (168,196) (167,196) (166,196) (165,195) (164,196) (163,196) (162,196) (161,195) (162,194) (163,194) (162,193) (163,192) (164,192) (165,192) (166,193) (165,194) (164,194) 
cluster28edge:(160,102) (160,103) 
cluster29edge:(168,123) (168,124) (169,125) (170,126) (171,125) (172,124) (171,123) (171,122) (170,121) (170,120) (169,121) (169,122) 
cluster30edge:(183,141) (184,141) (185,141) (186,141) (186,140) (187,139) (188,138) (188,137) (187,138) (186,137) (185,137) (186,138) (185,139) (184,140) 
cluster31edge:(185,144) (186,144) 
cluster32edge:(191,190) (191,191) 
cluster33edge:(193,190) (193,191) 
cluster34edge:(196,249) (196,250) (196,251) (197,252) (198,253) (199,252) (200,252) (201,252) (200,251) (200,250) (199,251) (198,250) (197,250) 
cluster35edge:(203,220) (203,221) (204,222) (204,223) (205,224) (206,225) (207,226) (208,227) (209,226) (210,227) (211,227) (212,227) (213,227) (214,227) (215,227) (216,226) (215,226) (214,226) (213,226) (212,225) (211,225) (210,225) (209,225) (208,224) (209,223) (208,223) (207,222) (206,222) (205,221) (204,221) 
cluster36edge:(203,268) (204,268) 
cluster37edge:(205,97) (206,98) (207,98) (208,99) (207,100) (208,100) (209,101) (210,101) (211,100) (212,99) (212,98) (211,98) (210,97) (209,97) (208,97) (207,96) (206,97) 
cluster38edge:(208,212) (208,213) (208,214) (208,215) (209,215) (210,215) (211,215) (212,216) (211,217) (212,217) (213,217) (214,218) (215,219) (216,220) (217,220) (218,221) (217,222) (218,222) (219,223) (220,223) (221,223) (222,223) (223,223) (224,223) (225,222) (225,221) (224,220) (225,219) (225,218) (224,217) (223,216) (222,215) (221,214) (221,213) (220,212) (219,212) (218,211) (217,210) (216,210) (215,210) (214,209) (213,209) (212,209) (211,210) (210,210) (209,211) 
cluster39edge:(214,58) (215,58) (216,59) (217,60) (218,60) (219,59) (220,59) (219,58) (220,57) (221,57) (222,57) (223,58) (222,59) (221,59) (222,60) (221,61) (222,61) (223,61) (224,61) (225,62) (226,62) (227,63) (226,64) (225,64) (224,64) (223,64) (224,65) (225,65) (226,65) (227,65) (228,66) (229,66) (230,67) (231,68) (232,68) (233,68) (234,69) (235,70) (236,71) (237,70) (238,71) (239,71) (240,71) (241,70) (242,69) (243,70) (244,69) (245,70) (246,71) (247,72) (248,72) (249,71) (249,70) (248,69) (248,68) (247,67) (246,66) (246,65) (245,64) (244,64) (243,65) (242,66) (241,67) (240,66) (239,65) (238,66) (237,65) (237,64) (237,63) (237,62) (238,61) (239,61) (240,60) (241,60) (242,60) (243,60) (244,59) (244,58) (243,57) (244,56) (245,55) (246,54) (247,54) (248,53) (249,53) (250,52) (251,52) (252,51) (251,50) (252,49) (253,49) (254,49) (255,49) (256,49) (255,48) (254,47) (254,46) (253,46) (252,47) (251,46) (250,46) (249,46) (248,46) (247,46) (246,46) (245,45) (244,44) (243,43) (242,44) (241,45) (240,46) (241,47) (242,48) (243,49) (244,50) (243,51) (242,51) (242,52) (241,53) (240,54) (239,55) (238,56) (237,55) (236,55) (235,54) (234,53) (233,53) (232,52) (232,51) (231,50) (230,50) (229,49) (228,50) (228,51) (227,52) (226,53) (225,54) (224,53) (223,54) (222,54) (221,54) (220,55) (219,55) (218,55) (217,55) (218,56) (217,57) (216,57) (215,57) 
cluster40edge:(220,226) (221,226) 
cluster41edge:(221,258) (221,259) (222,258) (223,258) (222,257) 
cluster42edge:(222,9) (223,9) 
cluster43edge:(225,262) (226,262) 
cluster44edge:(228,229) (228,230) (229,231) (230,230) (229,229) 
cluster45edge:(239,268) (239,269) (239,270) (239,271) (240,272) (241,273) (242,274) (243,275) (242,276) (243,276) (244,276) (245,276) (246,276) (247,277) (248,277) (249,278) (248,279) (249,279) (250,279) (251,279) (252,279) (253,278) (254,277) (255,278) (256,277) (257,276) (258,276) (259,275) (258,274) (259,273) (260,272) (259,271) (260,270) (259,269) (258,268) (257,268) (256,267) (255,268) (254,267) (253,267) (252,267) (251,266) (250,267) (249,266) (248,267) (247,267) (246,267) (245,266) (244,267) (243,267) (242,266) (241,267) (240,267) 
cluster46edge:(250,284) (251,285) (251,286) (251,287) (252,287) (253,288) (254,288) (254,287) (254,286) (254,285) (253,286) (252,285) (251,284) 
cluster47edge:(255,73) (256,74) (257,74) (258,75) (257,76) (258,76) (259,77) (260,76) (261,77) (262,76) (263,76) (264,76) (265,76) (266,76) (267,75) (268,74) (269,73) (269,72) (269,71) (269,70) (269,69) (268,68) (268,67) (267,68) (266,67) (265,67) (264,67) (265,68) (264,69) (263,70) (262,70) (261,70) (260,71) (259,71) (258,71) (257,72) (256,72) 
cluster48edge:(255,143) (255,144) (255,145) (256,146) (257,146) (258,146) (259,145) (258,144) (257,143) (256,143) 
cluster49edge:(259,46) (260,46) 
cluster50edge:(275,24) (276,25) (277,26) (276,27) (277,28) (278,29) (279,29) (280,30) (281,31) (282,30) (282,29) (281,28) (281,27) (282,26) (281,26) (280,25) (281,24) (282,24) (283,24) (284,23) (283,22) (282,22) (281,21) (280,21) (279,21) (278,21) (277,21) (276,22) (276,23) 
cluster51edge:(281,282) (282,283) (283,284) (283,285) (284,284) (285,284) (285,283) (286,282) (285,281) (285,280) (284,281) (283,280) (282,281) 
