cluster1edge:(0,192) (299,191) (298,190) (297,189) (296,188) (295,188) (294,188) (293,188) (292,188) (292,189) (293,189) (294,189) (295,190) (294,191) (293,191) (294,192) (294,193) (293,194) (292,195) (293,195) (294,195) (295,196) (294,197) (295,197) (296,197) (297,197) (298,196) (298,195) (299,194) (0,195) (0,196) (0,197) (1,197) (2,197) (2,196) (2,195) (3,194) (3,193) (2,194) (1,193) 
cluster2edge:(0,237) (0,238) (0,239) (0,240) (0,241) (0,242) (299,243) (0,243) (1,244) (2,243) (3,244) (3,243) (4,242) (4,241) (4,240) (4,239) (3,238) (2,237) (1,238) 
cluster3edge:(19,19) (19,20) (20,21) (21,20) (20,19) 
cluster4edge:(23,57) (23,58) (24,58) (25,58) (26,57) (27,57) (26,56) (25,57) (24,57) 
cluster5edge:(26,177) (27,178) (28,178) (29,179) (30,178) (31,177) (30,176) (29,175) (28,176) (27,176) 
cluster6edge:(33,239) (34,240) (34,241) (35,240) (36,241) (37,242) (38,243) (39,242) (38,241) (37,240) (36,240) (35,239) (36,238) (35,238) (34,238) 
cluster7edge:(37,94) (37,95) (38,96) (39,95) (38,94) 
cluster8edge:(40,94) (41,94) 
cluster9edge:(48,4) (49,5) (49,6) (50,7) (50,8) (51,7) (52,8) (53,8) (54,8) (55,9) (55,8) (55,7) (56,6) (57,5) (58,5) (58,4) (57,4) (56,3) (55,2) (54,1) (53,1) (52,1) (51,1) (50,2) (49,2) (49,3) 
cluster10edge:(51,236) (52,236) 
cluster11edge:(52,20) (53,21) (52,22) (53,22) (54,23) (55,22) (55,21) (54,20) (53,20) 
cluster12edge:(53,161) (54,162) (55,161) (54,161) 
cluster13edge:(55,240) (55,241) (56,241) (57,241) (58,241) (57,240) (57,239) (56,240) 
cluster14edge:(61,280) (62,281) (63,281) (64,282) (63,283) (64,284) (65,284) (66,285) (67,286) (67,287) (67,288) (68,289) (68,290) (68,291) (69,291) (70,292) (69,293) (69,294) (70,293) (71,294) (72,295) (73,295) (74,294) (75,295) (76,294) (77,294) (78,294) (79,295) (80,295) (81,294) (82,294) (83,294) (84,295) (85,295) (86,295) (87,295) (88,295) (89,295) (90,295) (91,294) (91,293) (91,292) (91,291) (91,290) (90,289) (89,288) (89,287) (88,286) (87,285) (87,284) (86,284) (85,283) (84,283) (83,283) (82,282) (81,282) (80,282) (79,281) (78,281) (77,281) (76,281) (75,280) (74,280) (73,280) (72,279) (71,279) (70,278) (69,277) (68,276) (67,275) (66,276) (65,275) (64,276) (63,276) (62,276) (63,277) (63,278) (64,278) (65,279) (64,280) (63,280) (62,280) 
cluster15edge:(64,13) (65,14) (66,14) (67,14) (68,13) (67,12) (66,12) (65,12) 
cluster16edge:(77,61) (77,62) (77,63) (77,64) (78,65) (78,66) (79,67) (80,66) (81,67) (81,66) (80,65) (81,64) (82,64) (83,64) (84,64) (85,63) (86,63) (87,62) (88,62) (89,61) (90,61) (91,61) (90,60) (91,59) (91,58) (91,57) (91,56) (90,55) (89,54) (88,54) (87,53) (86,54) (85,53) (84,54) (83,54) (82,54) (81,55) (80,55) (80,56) (79,57) (79,58) (78,59) (78,60) 
cluster17edge:(77,296) (78,296) 
cluster18edge:(80,1) (81,1) 
cluster19edge:(91,69) (92,69) (93,69) (94,68) (94,67) (93,67) (92,67) (92,68) 
cluster20edge:(100,299) (101,299) (102,299) (103,299) (104,299) (105,0) (106,0) (107,1) (106,2) (105,2) (104,2) (103,2) (104,3) (105,3) (106,3) (107,4) (106,5) (105,5) (106,6) (105,7) (104,7) (103,8) (104,8) (105,9) (104,10) (103,10) (104,11) (105,12) (106,11) (107,10) (108,11) (109,10) (110,11) (111,12) (111,13) (112,12) (113,13) (114,12) (115,13) (116,12) (117,11) (118,11) (119,10) (120,9) (121,8) (122,7) (121,7) (120,7) (119,6) (119,5) (118,5) (117,5) (116,5) (115,4) (116,3) (115,2) (115,1) (115,0) (114,0) (113,0) (112,0) (111,0) (110,0) (109,0) (108,299) (109,298) (110,298) (111,298) (112,298) (113,298) (114,298) (115,298) (116,297) (115,297) (114,297) (113,297) (112,297) (111,297) (110,297) (109,297) (108,296) (109,295) (109,294) (108,295) (107,294) (107,295) (106,296) (105,296) (104,297) (103,298) (102,298) (101,298) 
cluster21edge:(109,25) (110,26) (110,27) (111,28) (112,27) (113,28) (114,28) (115,29) (116,29) (117,30) (118,29) (119,28) (120,27) (119,26) (118,25) (117,24) (117,23) (116,24) (115,23) (114,24) (113,23) (112,24) (111,24) (110,24) 
cluster22edge:(115,167) (116,167) 
cluster23edge:(121,297) (122,298) (123,298) (124,298) (125,298) (126,297) (126,296) (125,295) (124,296) (123,295) (122,296) 
cluster24edge:(122,0) (123,0) 
cluster25edge:(127,0) (127,1) 
cluster26edge:(128,59) (129,60) (128,61) (128,62) (128,63) (129,64) (130,64) (131,65) (132,65) (133,65) (134,64) (135,65) (136,65) (137,65) (137,64) (137,63) (137,62) (137,61) (136,60) (135,60) (134,59) (133,59) (132,59) (131,58) (130,58) (129,58) 
cluster27edge:(128,145) (128,146) 
cluster28edge:(134,90) (135,91) (136,91) (137,91) (138,91) (137,90) (136,89) (135,89) 
cluster29edge:(136,95) (137,95) 
cluster30edge:(148,129) (149,130) (149,131) (149,132) (150,133) (151,132) (152,132) (153,132) (154,131) (153,130) (152,130) (151,129) (152,128) (153,128) (152,127) (151,127) (150,126) (149,127) (149,128) 
cluster31edge:(153,80) (154,80) 
cluster32edge:(153,244) (153,245) (154,244) (155,244) (154,243) 
cluster33edge:(177,69) (178,69) (179,69) (180,68) (179,67) (178,68) 
cluster34edge:(178,77) (179,78) (180,79) (181,79) (182,80) (183,81) (184,80) (185,80) (186,80) (187,79) (188,79) (189,79) (188,78) (189,77) (188,76) (187,75) (186,74) (185,74) (184,74) (183,75) (182,76) (181,76) (180,76) (179,76) 
cluster35edge:(187,52) (188,53) (187,54) (188,55) (189,56) (189,57) (190,57) (191,57) (192,58) (193,57) (192,57) (191,56) (192,55) (193,54) (193,53) (193,52) (192,51) (193,50) (194,49) (193,48) (193,47) (194,46) (195,46) (196,45) (195,44) (194,44) (193,44) (192,44) (191,43) (191,42) (190,43) (190,44) (191,45) (190,46) (191,47) (190,48) (190,49) (189,50) (188,51) 
cluster36edge:(190,158) (191,158) (192,157) (191,157) 
cluster37edge:(192,41) (193,41) (193,40) 
cluster38edge:(193,161) (194,161) 
cluster39edge:(198,37) (199,37) 
cluster40edge:(201,35) (202,35) 
cluster41edge:(205,184) (205,185) (206,186) (207,185) (206,184) 
cluster42edge:(210,136) (211,136) (212,137) (212,136) (212,135) (211,135) 
cluster43edge:(214,195) (215,196) (216,197) (217,198) (218,198) (219,199) (220,199) (221,198) (222,198) (223,198) (224,198) (223,197) (224,196) (225,195) (224,194) (225,193) (224,192) (223,192) (222,192) (221,192) (220,192) (219,193) (218,193) (217,194) (216,195) (215,195) 
cluster44edge:(215,156) (215,157) (216,158) (217,159) (218,160) (219,159) (220,160) (221,161) (222,162) (223,162) (224,163) (225,164) (226,163) (227,164) (227,165) (228,165) (228,164) (229,163) (230,162) (230,161) (229,160) (228,159) (228,158) (227,157) (228,156) (227,156) (226,155) (226,154) (227,153) (226,152) (225,152) (224,152) (223,152) (222,152) (221,153) (220,152) (219,153) (218,154) (217,155) (216,156) 
cluster45edge:(228,28) (228,29) 
cluster46edge:(231,30) (232,31) (233,32) (234,33) (233,34) (234,34) (235,35) (234,36) (235,36) (236,37) (237,37) (238,37) (239,37) (240,37) (241,38) (242,38) (243,38) (244,38) (245,38) (246,38) (247,37) (248,38) (248,37) (249,36) (249,35) (250,34) (249,33) (249,32) (248,32) (247,32) (246,31) (245,31) (244,31) (243,30) (242,29) (241,29) (240,28) (239,28) (238,27) (237,27) (236,27) (235,27) (234,28) (233,28) (232,28) (232,29) 
cluster47edge:(233,277) (233,278) (233,279) (234,279) (235,279) (236,278) (235,277) (234,277) 
cluster48edge:(234,161) (235,162) (236,163) (237,162) (237,161) (237,160) (236,159) (236,160) (235,161) 
cluster49edge:(263,52) (264,52) 
cluster50edge:(263,77) (264,78) (263,79) (264,79) (265,80) (266,80) (267,79) (268,80) (269,79) (270,80) (271,80) (272,79) (273,79) (274,80) (275,79) (276,78) (275,77) (276,76) (275,76) (274,76) (273,76) (272,76) (271,75) (270,75) (269,75) (268,75) (267,75) (266,75) (266,76) (265,77) (264,77) 
cluster51edge:(264,55) (265,56) (266,56) (267,57) (267,58) (268,59) (269,60) (269,61) (269,62) (269,63) (268,64) (267,65) (267,66) (268,67) (267,68) (266,68) (265,69) (266,70) (266,71) (267,71) (268,71) (269,71) (270,71) (271,71) (272,71) (273,71) (274,72) (275,72) (276,72) (277,71) (278,70) (278,69) (277,68) (277,67) (276,66) (275,65) (274,64) (274,63) (273,62) (273,61) (272,60) (271,59) (271,58) (270,57) (269,56) (268,55) (267,54) (266,53) (266,54) (265,55) 
cluster52edge:(276,155) (276,156) (277,155) 
cluster53edge:(277,241) (278,242) (279,243) (280,243) (281,242) (282,241) (281,240) (280,240) (279,241) (278,240) 
cluster54edge:(280,158) (281,159) (281,160) (282,161) (283,161) (284,162) (284,163) (285,164) (286,165) (287,164) (288,165) (289,164) (290,165) (291,164) (292,163) (293,162) (293,161) (292,160) (293,159) (293,158) (294,157) (295,156) (295,155) (296,154) (295,153) (294,153) (293,153) (292,154) (291,153) (290,153) (289,153) (288,152) (287,152) (286,152) (285,152) (284,152) (285,153) (284,154) (283,154) (283,155) (284,156) (283,157) (282,157) (281,158) 
cluster55edge:(283,194) (283,195) (284,196) (285,197) (286,198) (287,199) (288,198) (289,197) (288,196) (289,195) (289,194) (288,194) (287,193) (287,192) (286,193) (285,192) (284,193) 
cluster56edge:(283,229) (283,230) (283,231) (284,232) (283,233) (284,234) (285,235) (286,234) (287,235) (288,235) (289,236) (288,237) (289,238) (290,239) (291,238) (292,237) (293,237) (294,237) (295,237) (296,236) (296,235) (297,234) (296,234) (295,233) (296,232) (297,232) (296,231) (295,231) (294,231) (293,230) (292,229) (291,230) (290,229) (289,229) (288,228) (287,229) (286,228) (285,229) (284,228) 
cluster57edge:(297,242) (298,242) (298,241) 
