cluster1edge:(0,22) (299,22) (298,22) (297,22) (296,22) (295,22) (294,22) (293,22) (292,22) (291,22) (290,22) (289,22) (288,22) (287,22) (286,21) (285,22) (284,21) (283,20) (282,19) (281,18) (280,17) (279,16) (279,15) (278,15) (277,14) (276,14) (275,13) (274,12) (273,11) (272,10) (271,11) (270,10) (269,9) (268,9) (267,10) (266,11) (267,12) (266,13) (265,13) (264,13) (265,14) (264,15) (263,15) (264,16) (265,16) (266,17) (265,18) (264,18) (264,19) (263,20) (262,21) (263,21) (264,21) (265,22) (264,23) (263,23) (262,23) (261,23) (260,23) (259,23) (258,23) (257,23) (256,23) (255,22) (256,21) (257,21) (258,21) (259,21) (260,21) (259,20) (258,20) (257,19) (258,18) (259,18) (260,18) (259,17) (260,16) (261,15) (260,15) (259,15) (258,14) (259,13) (260,13) (261,13) (260,12) (259,11) (260,10) (261,9) (262,8) (261,7) (260,6) (261,5) (261,4) (260,3) (260,2) (259,2) (258,2) (257,1) (256,1) (255,1) (254,1) (253,2) (252,2) (251,2) (250,2) (249,2) (248,3) (247,2) (246,3) (245,3) (244,4) (243,5) (243,6) (242,7) (242,8) (241,9) (241,10) (241,11) (240,12) (241,13) (240,14) (240,15) (240,16) (241,17) (242,18) (242,19) (243,20) (244,19) (245,20) (246,21) (247,21) (248,21) (249,22) (250,23) (251,23) (252,23) (253,24) (254,24) (255,25) (256,25) (257,25) (258,26) (258,25) (259,24) (260,24) (261,24) (262,25) (263,26) (262,27) (263,28) (263,29) (264,30) (265,30) (266,30) (267,31) (268,31) (269,31) (270,31) (271,31) (272,32) (273,31) (274,32) (275,31) (276,32) (277,31) (278,31) (279,31) (280,31) (281,31) (282,32) (283,33) (284,33) (285,34) (286,34) (287,35) (288,35) (289,34) (290,35) (291,35) (292,36) (291,37) (292,38) (292,39) (293,39) (294,40) (294,41) (295,42) (295,43) (295,44) (296,44) (297,45) (297,46) (298,46) (299,46) (0,47) (1,47) (2,47) (1,46) (2,45) (3,45) (4,45) (3,44) (3,43) (4,42) (5,42) (4,41) (3,41) (2,40) (3,39) (4,39) (5,39) (4,38) (5,37) (4,37) (3,37) (2,36) (3,35) (4,34) (4,33) (3,32) (4,31) (4,30) (3,30) (2,29) (3,28) (4,28) (3,27) (2,27) (1,26) (2,25) (3,25) (4,24) (3,23) (2,23) (1,22) 
cluster2edge:(0,166) (299,165) (298,164) (297,163) (296,162) (296,161) (295,160) (294,159) (294,158) (293,157) (293,156) (293,155) (292,154) (292,153) (292,152) (291,151) (292,150) (292,149) (292,148) (292,147) (292,146) (291,145) (290,146) (289,145) (288,146) (287,147) (286,146) (285,147) (284,148) (285,149) (284,150) (284,151) (283,152) (282,153) (283,153) (284,153) (285,154) (286,155) (287,156) (286,157) (285,157) (285,158) (285,159) (286,160) (285,161) (285,162) (285,163) (286,163) (287,164) (286,165) (285,165) (284,166) (285,167) (286,167) (287,168) (286,169) (285,169) (285,170) (286,170) (287,170) (288,170) (289,170) (290,170) (291,170) (292,170) (293,170) (294,169) (295,170) (295,169) (295,168) (295,167) (295,166) (296,165) (297,165) (298,166) (299,166) 
cluster3edge:(0,173) (299,173) (298,174) (297,175) (296,175) (295,174) (294,174) (293,174) (292,174) (291,174) (292,175) (291,176) (290,176) (289,176) (288,175) (287,176) (286,176) (286,177) (285,178) (284,178) (283,178) (282,178) (283,179) (284,179) (285,180) (284,181) (285,181) (286,181) (287,182) (288,182) (289,183) (289,184) (290,185) (289,186) (290,186) (291,186) (292,186) (293,186) (294,186) (295,187) (294,188) (295,188) (296,189) (297,190) (298,191) (298,192) (299,191) (0,192) (0,193) (1,192) (2,193) (3,192) (3,191) (4,190) (5,189) (5,188) (5,187) (5,186) (6,185) (6,184) (6,183) (6,182) (6,181) (6,180) (7,179) (6,178) (7,177) (6,176) (6,175) (6,174) (5,173) (4,173) (3,172) (2,172) (1,172) 
cluster4edge:(0,244) (299,243) (298,244) (297,244) (296,244) (295,245) (294,245) (293,245) (294,246) (293,247) (292,248) (291,249) (290,249) (289,249) (288,250) (287,251) (286,251) (285,252) (284,252) (284,253) (284,254) (285,255) (286,256) (287,255) (288,256) (289,256) (290,256) (291,256) (292,256) (293,256) (294,256) (295,255) (296,255) (297,255) (298,254) (299,254) (0,253) (0,252) (1,251) (1,250) (1,249) (2,248) (1,247) (2,246) (1,245) 
cluster5edge:(1,167) (2,167) 
cluster6edge:(4,199) (5,199) 
cluster7edge:(5,222) (6,223) (6,224) (7,224) (8,224) (9,224) (10,224) (11,223) (12,224) (12,223) (13,222) (14,222) (15,222) (16,221) (15,221) (14,221) (13,220) (14,219) (15,219) (16,218) (15,217) (15,216) (15,215) (16,214) (15,214) (14,215) (13,214) (12,214) (11,214) (10,215) (9,215) (8,215) (7,216) (7,217) (6,218) (6,219) (6,220) (6,221) 
cluster8edge:(18,218) (19,218) 
cluster9edge:(23,11) (24,12) (23,13) (24,13) (25,14) (26,13) (27,14) (28,13) (29,13) (30,12) (30,11) (30,10) (29,9) (28,8) (27,9) (26,9) (25,9) (24,10) 
cluster10edge:(23,20) (24,21) (24,22) (25,23) (26,22) (27,21) (28,20) (27,20) (26,20) (25,20) (24,20) 
cluster11edge:(25,123) (25,124) 
cluster12edge:(29,137) (29,138) (29,139) (30,139) (31,140) (32,140) (33,141) (32,142) (33,142) (34,143) (33,144) (32,144) (33,145) (32,146) (33,147) (34,146) (35,147) (36,147) (37,147) (38,147) (39,147) (40,146) (39,145) (40,144) (39,143) (39,142) (38,141) (37,140) (37,139) (36,138) (35,137) (34,136) (33,135) (32,136) (31,135) (30,136) 
cluster13edge:(38,105) (38,106) (38,107) (39,106) 
cluster14edge:(39,104) (40,104) 
cluster15edge:(40,70) (40,71) (41,72) (42,73) (43,73) (44,73) (45,74) (46,73) (47,74) (48,73) (49,74) (50,75) (51,74) (52,73) (51,72) (50,71) (49,70) (48,71) (47,70) (47,69) (46,69) (45,70) (44,70) (43,70) (42,70) (41,70) 
cluster16edge:(41,109) (42,109) 
cluster17edge:(52,75) (52,76) (53,77) (52,78) (53,79) (54,80) (55,79) (56,80) (57,81) (58,80) (59,79) (58,78) (57,78) (56,77) (57,76) (56,76) (55,75) (54,75) (53,75) 
cluster18edge:(53,33) (53,34) (54,35) (55,34) (56,35) (57,34) (58,35) (59,34) (58,33) (58,32) (57,32) (56,32) (55,31) (54,32) 
cluster19edge:(65,73) (66,74) (67,75) (66,76) (67,77) (68,77) (69,77) (70,77) (71,77) (72,77) (73,76) (74,75) (74,74) (75,73) (74,72) (75,71) (75,70) (74,69) (73,68) (72,67) (71,66) (70,67) (69,68) (68,68) (68,69) (68,70) (69,71) (68,72) (67,72) (66,73) 
cluster20edge:(67,131) (67,132) (68,133) (69,134) (70,135) (71,136) (72,137) (73,136) (74,137) (75,137) (76,137) (77,136) (78,135) (77,134) (76,133) (75,133) (74,133) (73,132) (72,132) (71,132) (70,131) (69,130) (68,130) 
cluster21edge:(70,127) (71,128) (72,128) (73,128) (74,128) (75,127) (74,126) (73,125) (72,125) (71,124) (71,125) (71,126) 
cluster22edge:(76,246) (77,247) (77,248) (78,247) (79,248) (80,247) (81,247) (82,247) (83,247) (84,247) (85,247) (86,247) (87,248) (88,248) (89,249) (90,250) (91,250) (92,251) (92,252) (93,253) (93,254) (94,254) (95,255) (95,256) (96,257) (97,256) (98,255) (99,255) (100,254) (99,254) (98,253) (97,252) (96,251) (95,250) (94,250) (93,249) (94,248) (95,248) (94,247) (94,246) (95,245) (94,244) (94,243) (94,242) (93,242) (92,241) (93,240) (92,239) (93,238) (92,237) (91,237) (90,237) (89,237) (88,238) (87,238) (86,239) (85,240) (84,241) (83,242) (82,242) (81,242) (80,242) (79,242) (78,243) (77,244) (77,245) 
cluster23edge:(82,211) (82,212) 
cluster24edge:(82,214) (83,214) (84,214) (85,215) (86,215) (87,216) (88,215) (88,214) (88,213) (87,212) (86,211) (85,212) (84,211) (84,212) (83,213) 
cluster25edge:(91,224) (92,224) 
cluster26edge:(93,215) (94,216) (94,215) 
cluster27edge:(95,280) (96,281) (96,280) 
cluster28edge:(97,238) (98,238) 
cluster29edge:(97,240) (98,240) 
cluster30edge:(98,242) (99,242) 
cluster31edge:(101,21) (102,21) 
cluster32edge:(102,279) (103,279) (104,280) (103,281) (104,281) (105,281) (106,282) (105,283) (106,283) (107,284) (108,285) (108,286) (107,287) (106,288) (107,288) (108,288) (109,288) (110,289) (109,290) (108,290) (108,291) (109,291) (110,292) (109,293) (109,294) (110,295) (109,296) (110,297) (109,298) (110,299) (110,298) (111,297) (112,297) (113,297) (114,298) (114,299) (115,299) (116,299) (117,299) (118,0) (119,0) (120,0) (121,0) (122,0) (123,1) (124,1) (125,2) (126,3) (127,3) (128,3) (129,3) (130,3) (131,4) (132,3) (132,2) (133,1) (134,1) (133,0) (132,299) (131,299) (130,299) (129,298) (128,299) (127,298) (127,297) (126,296) (125,295) (124,294) (123,293) (122,292) (121,291) (120,290) (119,289) (118,288) (118,287) (117,286) (116,285) (115,284) (115,283) (114,282) (114,281) (113,280) (113,279) (112,278) (111,277) (111,276) (110,275) (109,275) (108,274) (107,274) (106,275) (105,276) (104,277) (103,278) 
cluster33edge:(103,24) (104,24) 
cluster34edge:(109,2) (110,2) 
cluster35edge:(120,227) (120,228) (120,229) (120,230) (120,231) (120,232) (121,233) (122,234) (123,235) (124,235) (125,236) (124,237) (125,238) (125,239) (125,240) (125,241) (125,242) (125,243) (125,244) (125,245) (125,246) (126,247) (127,248) (128,248) (129,248) (130,247) (131,247) (132,246) (132,245) (133,244) (134,245) (135,244) (136,243) (135,242) (134,242) (133,241) (133,240) (134,239) (133,239) (132,238) (132,237) (131,236) (132,235) (132,234) (131,235) (130,234) (129,233) (128,234) (127,233) (126,232) (126,231) (126,230) (127,229) (127,228) (127,227) (127,226) (127,225) (126,224) (125,224) (124,223) (123,224) (122,224) (122,225) (121,226) 
cluster36edge:(136,8) (137,8) 
cluster37edge:(141,238) (142,239) (143,239) (144,240) (144,241) (143,242) (142,243) (142,244) (143,243) (144,244) (145,245) (146,246) (145,247) (144,248) (145,248) (146,249) (145,250) (146,251) (147,252) (148,253) (147,254) (148,255) (149,255) (150,255) (151,256) (152,256) (153,256) (154,255) (153,254) (154,253) (154,252) (155,251) (154,250) (154,249) (153,248) (152,248) (151,247) (151,246) (152,245) (152,244) (151,244) (150,243) (149,244) (148,243) (148,242) (147,241) (146,240) (147,239) (146,238) (145,237) (144,238) (143,237) (142,238) 
cluster38edge:(151,169) (152,170) (151,171) (151,172) (151,173) (152,174) (153,173) (154,174) (155,174) (156,173) (157,172) (156,171) (155,170) (154,169) (154,168) (153,169) (152,168) 
cluster39edge:(155,204) (156,205) (156,206) (157,205) (158,205) (159,205) (160,204) (159,204) (158,204) (157,203) (157,202) (156,203) 
cluster40edge:(157,0) (157,1) (158,2) (158,3) (159,4) (160,5) (161,4) (162,4) (163,4) (164,4) (165,4) (164,3) (165,2) (166,1) (167,1) (168,0) (169,0) (168,299) (168,298) (168,297) (167,296) (166,296) (165,295) (164,295) (163,294) (162,295) (161,294) (160,294) (159,294) (158,294) (157,295) (157,296) (157,297) (157,298) (157,299) 
cluster41edge:(157,207) (158,208) (159,209) (160,210) (161,211) (162,212) (163,213) (164,214) (165,215) (165,216) (166,217) (166,218) (167,219) (166,220) (167,221) (168,221) (169,221) (170,221) (171,221) (172,220) (173,219) (174,219) (175,219) (175,218) (176,217) (177,216) (176,216) (175,215) (175,214) (174,213) (173,212) (172,212) (171,212) (170,212) (169,212) (168,211) (169,210) (168,210) (167,210) (166,210) (165,210) (164,209) (165,208) (165,207) (164,207) (163,207) (162,207) (161,207) (160,207) (159,207) (158,207) 
cluster42edge:(159,202) (160,202) 
cluster43edge:(163,194) (163,195) (164,196) (165,195) (166,196) (167,195) (167,194) (166,195) (165,194) (164,195) 
cluster44edge:(168,9) (169,10) (170,10) (171,10) (172,11) (173,10) (174,9) (175,8) (174,7) (174,6) (175,5) (174,4) (174,3) (173,4) (172,3) (171,4) (172,4) (173,5) (172,6) (171,6) (172,7) (171,8) (170,8) (169,8) 
cluster45edge:(173,150) (174,151) (174,152) (174,153) (175,154) (176,155) (177,156) (178,155) (179,155) (180,155) (179,154) (180,153) (179,153) (178,152) (179,151) (180,151) (181,151) (182,151) (181,150) (181,149) (182,148) (182,147) (181,146) (180,145) (179,145) (178,145) (177,145) (176,145) (175,146) (174,147) (174,148) (174,149) 
cluster46edge:(181,86) (181,87) (182,88) (183,89) (184,88) (185,88) (184,87) (183,87) (182,86) (183,85) (182,85) 
cluster47edge:(184,90) (185,90) 
cluster48edge:(185,153) (186,154) (187,153) (186,153) 
cluster49edge:(202,120) (202,121) (203,120) (204,121) (204,120) (203,119) 
cluster50edge:(205,231) (206,232) (207,232) (208,233) (209,234) (210,235) (211,235) (212,236) (213,237) (214,238) (215,239) (215,238) (216,237) (215,237) (214,237) (213,236) (214,235) (215,235) (216,235) (217,234) (216,233) (215,232) (214,231) (213,231) (212,231) (211,230) (210,230) (209,230) (208,229) (208,228) (209,227) (208,226) (207,227) (206,228) (207,229) (206,230) 
cluster51edge:(214,49) (214,50) (215,51) (216,52) (216,53) (217,53) (218,52) (219,53) (220,52) (219,51) (220,50) (219,49) (218,49) (217,48) (216,49) (215,48) 
cluster52edge:(215,98) (215,99) 
cluster53edge:(216,225) (217,225) 
cluster54edge:(230,23) (231,23) (232,24) (232,25) (231,26) (232,27) (231,28) (232,28) (233,28) (234,28) (234,27) (235,26) (236,27) (236,26) (236,25) (237,24) (238,23) (237,22) (238,21) (237,20) (237,19) (236,20) (235,19) (234,20) (233,19) (233,20) (232,21) (231,22) 
cluster55edge:(230,169) (231,169) (232,168) (231,168) 
cluster56edge:(230,174) (230,175) (231,176) (230,177) (230,178) (230,179) (231,180) (232,181) (232,182) (233,182) (234,183) (235,183) (236,182) (237,183) (238,182) (239,181) (238,180) (238,179) (237,179) (236,179) (235,179) (234,178) (233,177) (232,176) (231,175) (232,174) (231,174) 
cluster57edge:(233,169) (233,170) (233,171) (234,171) (235,172) (236,171) (237,172) (238,171) (237,170) (237,169) (236,168) (235,168) (234,168) 
cluster58edge:(236,104) (237,105) (238,105) (239,106) (240,106) (241,107) (241,106) (241,105) (240,104) (239,104) (238,103) (237,104) 
cluster59edge:(269,176) (270,177) (269,178) (270,179) (271,179) (272,179) (273,179) (274,179) (274,178) (273,177) (274,176) (275,176) (276,176) (275,175) (275,174) (274,174) (273,174) (272,174) (271,174) (270,175) 
cluster60edge:(273,172) (274,172) 
cluster61edge:(274,181) (274,182) (274,183) (275,184) (276,184) (277,184) (276,183) (277,182) (277,181) (276,181) (275,181) 
cluster62edge:(277,237) (277,238) (277,239) (277,240) (277,241) (277,242) (278,243) (278,244) (279,244) (280,245) (280,246) (281,247) (282,247) (283,247) (284,246) (285,246) (286,246) (285,245) (286,244) (286,243) (287,242) (288,242) (289,242) (290,242) (290,241) (291,240) (292,240) (293,240) (294,240) (295,240) (294,239) (295,238) (295,237) (295,236) (294,235) (294,234) (293,233) (292,232) (291,232) (290,231) (289,232) (288,231) (287,232) (286,231) (285,232) (284,232) (283,232) (282,233) (281,233) (280,234) (279,235) (278,236) 
cluster63edge:(279,124) (279,125) (279,126) (280,127) (281,128) (282,127) (283,126) (284,127) (285,126) (286,125) (285,124) (285,123) (285,122) (284,121) (283,120) (282,121) (281,120) (281,121) (280,122) (280,123) 
cluster64edge:(281,170) (282,170) 
cluster65edge:(282,186) (283,186) 
cluster66edge:(283,129) (284,130) (284,129) 
cluster67edge:(293,2) (294,2) 
