cluster1edge:(0,110) (299,111) (298,110) (297,111) (296,112) (297,113) (298,114) (299,113) (0,114) (0,115) (0,116) (1,116) (2,117) (3,116) (4,117) (5,116) (6,117) (7,116) (6,115) (5,114) (4,113) (3,112) (2,111) (2,110) (1,110) 
cluster2edge:(5,129) (6,130) (5,131) (6,131) (7,131) (8,130) (7,130) (6,129) (6,128) 
cluster3edge:(9,127) (10,127) 
cluster4edge:(9,181) (9,182) (10,183) (11,184) (12,183) (13,183) (14,183) (13,182) (12,181) (11,181) (10,181) 
cluster5edge:(11,265) (11,266) (11,267) (12,268) (11,269) (12,270) (13,271) (14,272) (14,273) (15,274) (16,275) (17,276) (18,275) (19,276) (20,277) (21,276) (22,275) (21,274) (22,273) (21,273) (20,273) (19,272) (20,271) (21,271) (22,271) (21,270) (20,270) (19,269) (20,268) (19,267) (20,266) (21,266) (21,265) (20,264) (19,264) (18,264) (17,263) (16,263) (15,263) (14,263) (13,263) (12,264) 
cluster6edge:(12,203) (12,204) (12,205) (12,206) (13,207) (14,208) (15,209) (16,210) (17,210) (18,211) (19,211) (20,210) (21,211) (22,211) (23,211) (24,211) (25,212) (26,213) (27,213) (28,214) (29,215) (29,216) (30,217) (31,218) (31,219) (32,220) (32,221) (33,222) (34,223) (35,224) (36,225) (37,226) (38,226) (39,227) (40,227) (41,227) (42,228) (43,228) (44,228) (45,228) (46,229) (47,229) (48,229) (49,230) (50,229) (50,228) (49,228) (48,227) (48,226) (48,225) (47,225) (46,225) (45,224) (45,223) (44,223) (43,223) (42,222) (43,221) (42,220) (43,219) (44,218) (43,218) (42,217) (41,217) (40,217) (39,217) (38,217) (37,217) (36,216) (35,215) (36,214) (35,213) (34,213) (33,212) (32,211) (31,210) (30,211) (29,211) (28,210) (27,209) (26,210) (25,209) (24,208) (24,207) (24,206) (23,205) (22,204) (21,203) (20,203) (19,203) (18,203) (17,203) (16,203) (15,202) (14,202) (13,202) 
cluster7edge:(17,182) (17,183) (18,183) (19,184) (20,185) (21,184) (20,183) (19,182) (18,182) 
cluster8edge:(21,34) (21,35) (21,36) (22,37) (23,37) (24,38) (25,37) (24,36) (23,35) (24,34) (25,33) (24,33) (23,32) (22,33) 
cluster9edge:(24,280) (25,280) 
cluster10edge:(29,266) (29,267) 
cluster11edge:(29,270) (29,271) (30,271) 
cluster12edge:(29,275) (30,275) 
cluster13edge:(35,63) (36,64) (36,65) (37,66) (38,67) (38,68) (39,69) (39,70) (40,71) (41,72) (40,73) (41,73) (42,74) (43,75) (44,75) (45,76) (44,77) (43,78) (44,78) (45,79) (44,80) (45,81) (46,81) (47,81) (48,82) (49,82) (50,82) (51,82) (52,82) (53,82) (54,83) (55,84) (56,85) (57,86) (58,86) (59,86) (60,87) (61,87) (62,87) (63,87) (64,87) (65,87) (66,87) (67,87) (68,87) (69,87) (70,86) (70,85) (69,84) (69,83) (68,82) (68,81) (67,80) (66,80) (65,79) (64,79) (63,78) (62,78) (61,77) (60,76) (59,76) (58,75) (57,74) (56,73) (55,72) (54,71) (53,70) (52,69) (51,69) (50,68) (49,68) (48,68) (47,68) (46,68) (45,68) (44,67) (43,66) (42,65) (41,65) (40,64) (40,63) (39,62) (38,62) (37,62) (36,62) 
cluster14edge:(39,136) (40,137) (41,138) (42,138) (43,139) (42,140) (41,140) (40,140) (39,140) (40,141) (41,141) (42,142) (43,142) (44,142) (45,143) (44,144) (43,144) (42,144) (41,145) (40,146) (41,146) (42,145) (43,146) (44,145) (45,146) (46,145) (47,146) (48,145) (49,146) (50,146) (51,146) (52,146) (53,147) (54,148) (55,148) (56,149) (57,149) (58,150) (59,150) (60,151) (60,152) (61,151) (62,152) (63,153) (64,154) (65,155) (66,156) (67,157) (68,156) (69,157) (70,158) (71,158) (72,157) (73,157) (74,156) (73,155) (72,154) (72,153) (73,152) (74,152) (75,152) (74,151) (73,151) (72,151) (71,151) (70,151) (69,150) (70,149) (71,149) (72,148) (71,148) (70,147) (71,146) (72,146) (71,145) (70,144) (71,143) (70,142) (71,141) (70,140) (69,139) (68,138) (69,137) (68,136) (69,135) (70,135) (70,134) (69,134) (68,134) (67,134) (66,133) (67,132) (67,131) (66,131) (65,130) (66,129) (67,129) (66,128) (67,127) (66,126) (66,125) (67,124) (66,124) (65,124) (64,123) (65,122) (64,121) (63,122) (62,121) (61,122) (60,122) (59,122) (58,122) (57,122) (56,122) (55,123) (54,123) (53,123) (52,124) (51,124) (50,125) (49,126) (48,125) (47,126) (47,127) (47,128) (48,129) (49,128) (50,129) (51,130) (52,131) (52,132) (53,133) (52,134) (53,135) (52,136) (52,137) (51,138) (50,138) (49,137) (48,137) (47,136) (46,135) (46,134) (45,133) (44,132) (43,132) (42,132) (41,133) (40,134) (40,135) 
cluster15edge:(40,37) (41,38) (41,39) (41,40) (42,41) (43,40) (44,40) (44,39) (43,38) (44,37) (43,36) (43,35) (42,35) (41,35) (41,36) 
cluster16edge:(57,234) (57,235) 
cluster17edge:(60,92) (61,93) (62,93) (63,93) (64,92) (65,92) (64,91) (63,91) (62,91) (61,91) 
cluster18edge:(67,217) (68,218) (67,219) (68,219) (69,220) (69,219) (70,218) (69,217) (70,216) (69,215) (68,216) 
cluster19edge:(78,151) (79,152) (79,153) (80,152) (79,151) 
cluster20edge:(93,25) (94,26) (94,27) (94,28) (95,29) (96,30) (97,31) (98,32) (99,33) (100,33) (101,34) (102,35) (103,36) (104,37) (105,38) (106,38) (107,39) (108,38) (108,37) (108,36) (108,35) (108,34) (109,33) (110,33) (110,32) (109,32) (108,31) (107,31) (106,30) (105,29) (106,28) (107,28) (106,27) (105,27) (104,26) (103,26) (102,26) (101,26) (100,25) (101,24) (102,24) (103,23) (102,23) (101,23) (100,23) (99,22) (98,21) (97,22) (96,21) (95,22) (94,22) (94,23) (94,24) 
cluster21edge:(93,79) (94,80) (93,81) (94,82) (95,83) (96,83) (97,83) (97,82) (98,81) (99,81) (100,81) (99,80) (100,79) (101,79) (100,78) (99,77) (98,76) (97,77) (96,76) (95,77) (94,78) 
cluster22edge:(95,103) (96,104) (95,105) (96,106) (97,107) (98,107) (99,107) (100,108) (101,109) (101,108) (101,107) (102,106) (103,106) (102,105) (101,104) (102,103) (101,103) (100,103) (99,103) (98,103) (97,102) (96,103) 
cluster23edge:(99,83) (100,83) 
cluster24edge:(101,119) (102,120) (101,121) (102,122) (101,123) (102,124) (101,125) (102,126) (103,127) (104,127) (105,128) (106,128) (105,127) (105,126) (105,125) (105,124) (105,123) (106,122) (107,121) (106,120) (106,119) (105,118) (105,117) (104,117) (103,118) (102,119) 
cluster25edge:(115,43) (115,44) (115,45) (115,46) (116,47) (117,46) (117,45) (117,44) (117,43) (116,44) 
cluster26edge:(125,281) (126,282) (127,283) (128,283) (129,283) (130,283) (131,282) (132,281) (131,280) (130,279) (129,280) (128,280) (127,280) (126,280) 
cluster27edge:(131,181) (131,182) (131,183) (131,184) (132,183) (133,184) (134,184) (135,184) (135,183) (135,182) (134,181) (133,181) (132,181) 
cluster28edge:(132,153) (133,154) (132,155) (132,156) (133,156) (134,157) (133,158) (134,158) (135,159) (136,158) (137,158) (138,157) (137,156) (137,155) (136,154) (135,153) (134,153) (133,153) 
cluster29edge:(134,186) (135,186) 
cluster30edge:(140,46) (141,46) 
cluster31edge:(140,86) (141,87) (142,87) (143,86) (142,86) (141,86) 
cluster32edge:(148,284) (149,285) (150,285) (151,285) (152,285) (153,285) (154,286) (154,287) (155,288) (156,289) (157,290) (157,291) (157,292) (158,292) (159,293) (160,293) (161,294) (162,293) (163,294) (164,293) (165,293) (166,293) (165,292) (164,292) (163,292) (162,291) (163,290) (162,290) (161,289) (161,288) (160,287) (159,287) (158,287) (157,286) (157,285) (156,284) (155,284) (154,283) (153,283) (152,282) (151,282) (150,281) (149,281) (150,282) (149,283) 
cluster33edge:(151,101) (152,102) (152,103) (153,103) (154,102) (155,103) (156,102) (157,103) (158,104) (158,105) (159,105) (160,106) (161,106) (162,107) (163,107) (163,106) (164,105) (165,105) (166,105) (167,106) (167,107) (166,108) (165,108) (164,109) (165,109) (166,109) (167,109) (168,108) (169,108) (170,108) (171,109) (170,110) (171,110) (172,110) (173,110) (174,111) (173,112) (172,113) (173,114) (174,114) (175,114) (176,115) (177,114) (177,113) (178,112) (179,111) (178,110) (177,109) (177,108) (176,107) (175,106) (174,106) (173,105) (172,105) (171,104) (170,104) (169,104) (168,104) (167,104) (166,104) (165,104) (164,104) (163,103) (163,102) (162,102) (161,102) (160,102) (159,101) (160,100) (161,100) (162,99) (161,98) (160,98) (159,98) (158,98) (157,98) (156,98) (155,99) (154,99) (153,99) (152,100) 
cluster34edge:(158,128) (159,129) (158,130) (159,130) (160,131) (161,131) (162,131) (163,131) (164,131) (163,130) (163,129) (162,128) (161,127) (160,127) (159,128) 
cluster35edge:(175,221) (175,222) (175,223) (175,224) (176,224) (177,225) (178,226) (179,226) (180,226) (181,227) (182,226) (183,227) (184,226) (183,225) (182,224) (181,223) (180,222) (180,221) (179,222) (178,221) (177,222) (176,221) 
cluster36edge:(179,213) (180,214) (179,215) (180,216) (181,216) (182,215) (181,214) (180,213) (180,212) 
cluster37edge:(190,42) (191,43) (192,44) (193,45) (192,46) (193,47) (194,48) (195,48) (196,48) (197,48) (198,48) (199,47) (200,47) (199,46) (198,46) (197,46) (196,46) (195,46) (194,45) (193,44) (194,43) (195,43) (196,42) (195,42) (194,41) (193,40) (193,39) (192,39) (191,40) (191,41) 
cluster38edge:(208,227) (209,227) (210,228) (211,227) (210,226) (209,226) 
cluster39edge:(213,134) (214,135) (215,136) (216,136) (217,136) (218,137) (219,137) (220,137) (221,138) (222,138) (223,139) (224,140) (225,139) (226,140) (227,139) (226,138) (225,137) (224,137) (223,136) (222,135) (221,135) (220,134) (219,134) (218,134) (217,134) (216,134) (215,133) (214,133) 
cluster40edge:(216,47) (217,47) 
cluster41edge:(217,51) (218,52) (218,53) (218,54) (219,54) (220,55) (220,56) (220,57) (221,57) (222,57) (223,58) (223,59) (223,60) (223,61) (224,61) (225,62) (225,63) (226,64) (227,65) (228,66) (229,65) (230,66) (231,67) (232,68) (231,69) (231,70) (232,71) (233,70) (234,69) (235,70) (236,69) (237,70) (238,69) (239,68) (239,67) (238,67) (237,67) (236,67) (235,66) (236,65) (235,64) (235,63) (235,62) (234,61) (235,60) (235,59) (234,60) (233,59) (232,58) (231,57) (230,56) (230,55) (230,54) (229,53) (228,52) (227,52) (226,51) (225,50) (224,49) (223,50) (222,50) (221,50) (220,50) (219,50) (218,50) 
cluster42edge:(220,75) (220,76) (221,76) (222,77) (223,77) (224,76) (225,77) (226,76) (225,75) (225,74) (224,74) (223,74) (222,75) (221,75) 
cluster43edge:(234,132) (235,133) (234,134) (235,135) (236,136) (237,137) (238,138) (239,138) (240,138) (241,139) (242,139) (243,139) (244,140) (244,141) (244,142) (245,142) (246,142) (247,142) (248,143) (247,144) (248,144) (249,144) (250,144) (251,143) (252,143) (253,142) (254,142) (255,141) (256,142) (257,141) (258,141) (257,140) (258,139) (259,139) (258,138) (257,137) (256,137) (255,137) (254,136) (253,135) (252,134) (251,134) (250,134) (249,133) (249,132) (248,132) (247,131) (246,131) (245,130) (244,130) (243,130) (242,130) (241,129) (240,129) (239,129) (238,130) (237,130) (236,130) (235,130) (235,131) 
cluster44edge:(234,144) (234,145) (234,146) (235,147) (235,148) (236,147) (237,148) (238,149) (239,149) (240,149) (240,148) (241,147) (242,147) (243,147) (242,146) (242,145) (241,145) (240,145) (239,144) (238,144) (237,144) (236,144) (235,143) 
cluster45edge:(237,161) (238,162) (237,163) (238,164) (237,165) (238,166) (237,167) (238,167) (239,168) (240,169) (239,170) (240,171) (239,172) (240,173) (241,174) (240,175) (241,176) (241,177) (241,178) (242,179) (243,180) (244,180) (245,181) (246,181) (247,181) (248,182) (249,182) (250,182) (251,182) (251,181) (252,180) (251,180) (250,179) (251,178) (252,178) (251,177) (252,176) (253,176) (254,176) (254,175) (254,174) (254,173) (253,172) (254,171) (254,170) (255,169) (256,168) (255,168) (254,167) (253,167) (252,166) (253,165) (254,165) (255,165) (254,164) (255,163) (254,162) (254,161) (253,160) (252,160) (251,159) (250,159) (249,159) (248,160) (247,160) (248,161) (247,162) (246,163) (245,164) (244,164) (243,165) (242,164) (242,163) (241,164) (240,163) (239,162) (238,161) 
cluster46edge:(246,57) (247,57) 
cluster47edge:(248,256) (249,256) 
cluster48edge:(251,150) (252,151) (253,152) (254,153) (255,154) (256,154) (257,155) (258,156) (259,156) (260,156) (259,155) (260,154) (259,154) (258,154) (257,153) (258,152) (257,151) (257,150) (257,149) (258,148) (257,148) (256,147) (255,148) (254,148) (255,149) (254,150) (253,150) (252,150) 
cluster49edge:(251,271) (251,272) (251,273) (251,274) (252,275) (252,276) (252,277) (253,278) (253,279) (254,280) (255,281) (256,280) (257,281) (258,282) (259,283) (260,282) (261,281) (262,281) (261,280) (262,279) (263,278) (264,277) (263,276) (262,275) (263,274) (264,274) (265,273) (265,272) (266,271) (267,270) (266,270) (265,269) (264,270) (263,269) (262,268) (261,268) (260,268) (259,268) (258,268) (257,268) (256,268) (255,268) (254,269) (253,269) (252,270) 
cluster50edge:(257,159) (258,159) 
cluster51edge:(257,180) (258,181) (258,182) (258,183) (259,184) (258,185) (259,186) (260,187) (261,187) (262,188) (263,188) (264,188) (265,188) (266,188) (267,188) (268,187) (269,187) (270,186) (271,185) (270,184) (271,183) (270,182) (270,181) (270,180) (270,179) (269,178) (268,177) (268,176) (267,175) (266,174) (266,173) (265,173) (264,173) (263,172) (262,173) (261,173) (261,174) (261,175) (261,176) (261,177) (260,178) (261,178) (262,178) (263,179) (262,180) (261,180) (260,180) (259,180) (258,180) 
cluster52edge:(257,293) (257,294) 
cluster53edge:(258,21) (258,22) (259,22) (260,23) (259,24) (260,24) (261,25) (262,25) (263,24) (263,23) (264,22) (263,21) (262,20) (261,19) (261,20) (260,21) (259,21) 
cluster54edge:(264,152) (264,153) 
cluster55edge:(266,296) (266,297) (267,298) (268,297) (269,298) (270,297) (269,296) (269,295) (268,294) (267,295) 
cluster56edge:(267,283) (267,284) (268,283) 
cluster57edge:(272,81) (273,82) (274,82) (275,83) (275,82) (276,81) (275,80) (274,79) (273,80) 
cluster58edge:(280,158) (280,159) (281,159) (282,159) (283,159) (284,160) (285,160) (286,160) (285,159) (286,158) (285,157) (284,157) (283,157) (282,157) (281,157) 
cluster59edge:(283,197) (283,198) (283,199) (284,198) 
cluster60edge:(287,37) (288,38) (289,39) (290,39) (291,39) (292,39) (293,39) (294,38) (293,37) (294,36) (293,36) (292,35) (291,35) (290,35) (289,35) (288,35) (288,36) 
