cluster1edge:(10,265) (10,266) 
cluster2edge:(15,243) (16,243) 
cluster3edge:(16,199) (17,200) (17,201) (18,202) (19,203) (20,202) (21,203) (22,204) (23,204) (24,203) (25,202) (26,202) (25,201) (26,200) (25,199) (26,198) (25,198) (24,198) (23,198) (22,198) (21,198) (20,198) (19,198) (18,198) (17,198) 
cluster4edge:(19,96) (19,97) 
cluster5edge:(19,99) (20,100) (20,101) (20,102) (21,103) (20,104) (20,105) (20,106) (20,107) (21,108) (21,109) (22,110) (23,111) (24,110) (25,111) (26,112) (27,112) (28,111) (29,111) (30,111) (31,111) (32,111) (33,111) (34,111) (35,111) (36,111) (37,112) (37,113) (36,114) (37,115) (38,115) (39,115) (40,115) (41,115) (42,114) (43,113) (44,112) (44,111) (44,110) (44,109) (44,108) (43,107) (42,106) (41,107) (40,106) (39,106) (38,106) (37,106) (36,106) (35,106) (34,107) (35,107) (36,108) (35,109) (34,109) (33,110) (32,110) (31,110) (30,109) (31,108) (32,108) (33,107) (32,107) (31,106) (30,106) (29,106) (28,107) (27,106) (26,106) (25,106) (24,106) (23,106) (22,105) (22,104) (23,103) (24,102) (23,102) (22,101) (23,100) (22,99) (21,99) (20,99) 
cluster6edge:(19,196) (20,196) 
cluster7edge:(19,244) (19,245) 
cluster8edge:(25,207) (26,207) 
cluster9edge:(34,94) (35,95) (36,96) (37,97) (38,98) (39,97) (39,96) (40,95) (41,95) (40,94) (41,93) (42,93) (43,93) (44,92) (43,91) (42,90) (41,90) (40,89) (39,89) (38,90) (37,91) (36,90) (36,91) (36,92) (35,93) 
cluster10edge:(38,280) (39,280) 
cluster11edge:(38,283) (39,283) 
cluster12edge:(43,100) (43,101) (44,102) (45,102) (46,102) (47,101) (47,100) (46,99) (45,99) (44,99) 
cluster13edge:(56,173) (56,174) (57,173) 
cluster14edge:(58,187) (58,188) (58,189) (59,190) (58,191) (59,192) (60,192) (61,192) (62,192) (63,192) (64,191) (63,190) (62,191) (61,190) (61,189) (61,188) (60,187) (59,188) 
cluster15edge:(59,173) (60,173) 
cluster16edge:(63,199) (63,200) (63,201) (64,202) (65,203) (66,202) (67,203) (68,204) (69,203) (70,202) (71,201) (72,202) (73,201) (72,201) (71,200) (70,200) (69,199) (68,200) (67,199) (66,198) (65,199) (64,198) 
cluster17edge:(65,292) (66,293) (67,294) (68,294) (69,295) (70,296) (71,296) (72,296) (73,296) (74,296) (75,295) (76,296) (77,296) (78,295) (78,294) (78,293) (77,292) (76,292) (75,293) (74,292) (73,291) (72,291) (71,291) (70,291) (69,291) (68,291) (67,291) (66,291) 
cluster18edge:(70,204) (71,204) 
cluster19edge:(75,53) (75,54) (75,55) (76,55) (77,55) (76,54) 
cluster20edge:(78,63) (79,63) 
cluster21edge:(89,18) (90,19) (89,20) (90,20) (91,21) (92,22) (93,22) (94,22) (95,23) (94,24) (93,25) (94,25) (95,26) (95,27) (96,26) (97,27) (98,26) (99,27) (100,27) (101,26) (101,25) (101,24) (100,23) (99,22) (98,22) (97,21) (96,20) (95,20) (94,19) (93,18) (92,18) (91,18) (90,18) 
cluster22edge:(121,279) (121,280) (122,281) (123,282) (124,281) (123,280) (123,279) (122,279) 
cluster23edge:(123,166) (123,167) (123,168) (123,169) (124,170) (125,171) (126,172) (127,172) (126,171) (126,170) (127,169) (128,169) (129,169) (130,169) (130,168) (129,168) (128,167) (127,166) (126,165) (125,166) (124,165) 
cluster24edge:(124,259) (125,260) (126,261) (126,262) (126,263) (127,262) (128,263) (129,263) (130,263) (130,262) (131,261) (132,261) (133,260) (134,260) (135,260) (136,260) (137,261) (138,260) (139,260) (138,259) (139,258) (140,258) (141,258) (142,257) (143,257) (144,257) (145,257) (146,257) (147,256) (146,256) (145,256) (144,255) (145,254) (146,254) (147,253) (148,253) (149,253) (150,254) (151,254) (152,254) (153,253) (154,252) (153,251) (154,250) (155,249) (156,249) (157,248) (158,249) (159,249) (160,249) (161,249) (162,249) (161,248) (162,247) (161,246) (162,245) (163,245) (164,245) (163,244) (164,243) (165,243) (166,243) (165,242) (164,242) (163,241) (164,240) (165,240) (166,240) (165,239) (166,238) (167,238) (166,237) (167,236) (166,236) (165,235) (166,234) (166,233) (165,232) (164,232) (163,232) (162,233) (161,232) (160,233) (159,232) (158,233) (157,234) (156,234) (155,234) (154,235) (153,236) (152,237) (151,238) (152,239) (151,240) (152,241) (152,242) (151,243) (152,244) (151,245) (150,246) (149,247) (148,246) (147,246) (146,246) (145,246) (144,246) (143,246) (142,246) (141,246) (140,246) (139,246) (138,246) (137,247) (136,247) (135,248) (134,249) (135,250) (134,251) (133,252) (132,251) (132,252) (133,253) (133,254) (132,255) (131,256) (130,257) (129,258) (128,257) (127,256) (126,257) (125,258) 
cluster25edge:(124,283) (125,284) (126,285) (127,284) (127,283) (126,283) (125,283) 
cluster26edge:(129,15) (130,16) (131,17) (130,18) (131,18) (132,18) (133,17) (132,16) (132,15) (131,15) (130,15) 
cluster27edge:(131,253) (131,254) 
cluster28edge:(131,283) (132,284) (133,285) (134,285) (135,286) (135,287) (136,287) (137,287) (138,287) (139,288) (138,289) (137,290) (136,290) (135,290) (136,291) (135,292) (136,292) (137,292) (138,292) (139,292) (140,292) (141,292) (142,292) (143,292) (142,291) (143,290) (144,289) (144,288) (145,287) (146,286) (145,285) (146,284) (145,283) (145,282) (144,281) (145,280) (144,279) (143,278) (142,278) (141,277) (140,278) (139,277) (138,278) (137,277) (136,278) (135,278) (134,278) (135,279) (136,279) (137,280) (136,281) (135,281) (134,281) (133,282) (132,283) 
cluster29edge:(132,294) (132,295) (133,294) 
cluster30edge:(135,176) (136,176) 
cluster31edge:(136,9) (136,10) (137,11) (137,12) (137,13) (138,13) (139,13) (140,14) (141,14) (142,14) (143,15) (144,15) (145,15) (146,15) (147,15) (148,15) (149,15) (150,16) (151,16) (152,17) (153,16) (152,15) (151,14) (151,13) (150,12) (149,11) (148,10) (147,10) (146,9) (146,8) (146,7) (145,6) (145,5) (145,4) (145,3) (145,2) (144,2) (143,2) (142,2) (141,3) (140,4) (139,5) (138,6) (138,7) (137,8) 
cluster32edge:(139,263) (139,264) (140,265) (141,264) (142,265) (143,266) (144,265) (145,264) (144,263) (143,262) (142,262) (141,261) (140,262) 
cluster33edge:(141,19) (142,20) (141,21) (142,22) (141,23) (142,23) (143,24) (144,24) (145,24) (146,24) (147,25) (148,24) (149,24) (150,24) (151,24) (152,23) (153,22) (153,21) (153,20) (152,20) (151,20) (150,20) (149,20) (148,20) (147,20) (146,19) (147,18) (146,18) (145,19) (144,19) (143,19) (142,18) 
cluster34edge:(141,88) (142,89) (141,90) (141,91) (142,92) (142,93) (143,94) (144,95) (145,96) (146,95) (147,96) (148,95) (149,94) (150,94) (149,93) (150,92) (149,92) (148,92) (147,91) (148,90) (149,89) (150,88) (149,87) (148,86) (149,85) (148,85) (147,85) (146,85) (145,85) (144,86) (143,86) (142,87) 
cluster35edge:(145,109) (145,110) 
cluster36edge:(147,160) (148,161) (147,162) (148,163) (149,164) (150,164) (151,165) (152,164) (153,163) (152,162) (151,161) (152,160) (153,160) (152,159) (151,159) (150,159) (149,159) (148,159) 
cluster37edge:(147,261) (148,261) (149,262) (150,263) (151,262) (152,263) (153,262) (154,261) (155,260) (155,259) (154,258) (154,257) (153,258) (152,257) (151,257) (150,257) (151,258) (150,259) (149,259) (148,260) 
cluster38edge:(151,295) (152,296) (152,297) (153,296) (154,297) (155,296) (156,295) (155,294) (154,294) (153,294) (152,295) 
cluster39edge:(152,55) (153,56) (154,55) (153,55) 
cluster40edge:(153,87) (154,87) 
cluster41edge:(154,17) (154,18) 
cluster42edge:(154,82) (154,83) (155,83) (156,83) (157,83) (156,82) (157,81) (157,80) (156,81) (155,82) 
cluster43edge:(159,162) (159,163) (160,164) (161,165) (162,166) (163,165) (164,164) (163,163) (162,162) (161,161) (160,162) 
cluster44edge:(163,144) (164,144) 
cluster45edge:(176,274) (177,274) (178,275) (177,276) (178,277) (179,277) (180,278) (181,279) (182,280) (183,279) (184,280) (185,281) (184,282) (184,283) (185,284) (186,283) (187,284) (188,284) (189,284) (190,284) (190,283) (191,282) (190,282) (189,281) (188,280) (187,280) (186,279) (185,279) (184,278) (183,277) (183,276) (182,275) (182,274) (181,273) (180,272) (179,272) (178,272) (177,272) (177,273) 
cluster46edge:(190,289) (191,289) (191,288) 
cluster47edge:(191,128) (192,129) (192,130) (193,131) (193,132) (194,133) (194,134) (195,135) (195,136) (196,137) (196,138) (197,139) (198,140) (199,139) (200,139) (201,139) (202,139) (202,138) (203,137) (204,136) (204,135) (205,134) (206,134) (207,134) (208,134) (209,133) (208,133) (207,132) (208,131) (207,130) (208,129) (209,129) (210,129) (211,129) (212,129) (211,128) (210,128) (209,128) (208,127) (209,126) (210,126) (211,126) (212,126) (213,126) (214,125) (214,124) (215,123) (214,123) (213,123) (212,122) (211,123) (210,122) (209,122) (208,121) (207,121) (206,121) (205,120) (204,120) (203,120) (202,119) (201,119) (200,119) (199,120) (198,120) (197,120) (196,120) (195,121) (194,121) (193,122) (193,123) (192,124) (192,125) (192,126) (192,127) 
cluster48edge:(193,78) (193,79) (194,80) (195,81) (196,82) (197,83) (198,83) (199,84) (200,85) (201,86) (202,87) (203,88) (204,88) (205,89) (206,89) (207,89) (208,89) (209,88) (209,87) (209,86) (208,86) (207,86) (206,86) (205,85) (204,85) (203,84) (204,83) (203,83) (202,83) (201,82) (202,81) (203,81) (202,80) (201,80) (200,79) (199,78) (198,78) (197,77) (196,77) (195,77) (194,77) 
cluster49edge:(195,200) (195,201) (196,202) (196,203) (197,204) (197,205) (198,204) (199,203) (200,202) (199,202) (198,202) (197,201) (196,201) 
cluster50edge:(200,71) (201,71) 
cluster51edge:(200,149) (201,150) (200,151) (201,151) (202,151) (203,151) (204,151) (205,151) (206,151) (207,151) (208,152) (209,151) (210,152) (211,151) (212,150) (213,149) (214,149) (215,149) (216,148) (217,149) (218,148) (219,147) (220,147) (221,147) (222,146) (223,146) (224,145) (224,144) (225,143) (224,142) (224,141) (224,140) (224,139) (223,138) (223,137) (224,136) (224,135) (223,134) (224,133) (223,132) (222,131) (222,130) (221,130) (220,130) (219,129) (218,129) (217,129) (217,130) (216,131) (215,131) (214,131) (213,131) (214,132) (214,133) (215,134) (214,135) (213,135) (214,136) (213,137) (212,138) (211,138) (210,138) (209,138) (208,139) (209,140) (210,141) (209,142) (208,142) (207,142) (206,142) (205,143) (204,144) (204,145) (204,146) (203,147) (204,148) (203,149) (202,149) (201,149) 
cluster52edge:(205,75) (206,75) 
cluster53edge:(206,248) (206,249) (206,250) (206,251) (206,252) (207,253) (207,254) (208,255) (209,256) (209,257) (210,258) (211,259) (212,260) (213,260) (214,261) (215,262) (216,262) (217,263) (218,263) (219,264) (220,264) (221,264) (222,264) (223,265) (224,264) (225,263) (224,263) (223,263) (222,262) (223,261) (222,260) (221,259) (222,258) (223,258) (224,257) (223,257) (222,257) (221,256) (222,255) (221,255) (220,254) (221,253) (220,252) (221,251) (220,250) (221,249) (220,249) (219,248) (218,248) (217,247) (218,246) (218,245) (217,244) (217,243) (216,244) (215,243) (214,242) (213,243) (212,243) (211,243) (210,243) (209,244) (208,245) (207,246) (207,247) 
cluster54edge:(209,292) (210,293) (209,294) (210,295) (211,296) (212,297) (212,298) (213,299) (214,0) (215,1) (216,2) (217,3) (218,3) (219,4) (220,4) (221,4) (222,4) (222,3) (221,2) (222,1) (223,1) (224,1) (225,0) (224,0) (223,0) (222,299) (223,298) (222,298) (221,297) (222,296) (223,296) (224,296) (223,295) (222,294) (222,293) (221,293) (220,292) (219,292) (218,292) (217,292) (216,291) (215,291) (214,290) (213,290) (212,290) (211,290) (210,291) 
cluster55edge:(212,231) (213,232) (212,233) (213,233) (214,233) (215,234) (215,235) (215,236) (216,236) (217,237) (216,238) (217,238) (218,238) (219,239) (220,240) (221,240) (222,239) (223,240) (223,239) (224,238) (225,239) (226,238) (227,237) (226,236) (225,235) (224,234) (224,233) (223,232) (222,231) (221,230) (220,231) (219,230) (218,231) (217,230) (216,231) (215,230) (214,231) (213,230) 
cluster56edge:(226,5) (227,5) 
cluster57edge:(230,238) (231,238) 
cluster58edge:(242,289) (243,290) (242,291) (243,292) (244,293) (245,294) (245,295) (246,296) (247,296) (248,297) (249,298) (250,299) (251,0) (252,1) (253,2) (254,3) (255,4) (255,5) (256,6) (257,7) (258,8) (259,7) (260,8) (261,7) (262,6) (263,5) (263,4) (264,3) (263,2) (264,1) (264,0) (264,299) (265,298) (264,297) (263,296) (263,295) (264,294) (265,293) (264,293) (263,293) (262,292) (261,291) (260,291) (259,290) (259,289) (259,288) (258,288) (257,288) (256,287) (255,287) (254,287) (253,287) (252,287) (251,287) (250,287) (249,287) (248,287) (247,287) (246,287) (245,287) (244,288) (243,288) 
cluster59edge:(243,115) (244,115) 
cluster60edge:(254,60) (255,61) (255,62) (255,63) (256,64) (256,65) (256,66) (257,67) (258,67) (259,67) (258,66) (258,65) (259,64) (260,64) (261,64) (262,64) (263,64) (264,64) (265,64) (266,64) (265,63) (266,62) (265,62) (264,62) (263,62) (262,62) (261,61) (260,61) (259,60) (259,59) (260,58) (261,58) (260,57) (261,56) (260,56) (259,56) (258,55) (257,55) (256,56) (255,57) (255,58) (255,59) 
cluster61edge:(254,232) (254,233) (254,234) (255,235) (254,236) (255,236) (256,237) (257,238) (258,238) (259,239) (260,240) (261,241) (262,242) (263,241) (264,242) (265,243) (266,244) (267,245) (268,245) (269,246) (270,247) (271,246) (271,245) (272,244) (271,244) (270,243) (271,242) (270,242) (269,241) (270,240) (269,239) (269,238) (268,237) (267,237) (266,237) (265,237) (264,236) (263,235) (262,235) (261,235) (260,234) (261,233) (262,233) (263,233) (262,232) (263,231) (262,230) (262,229) (261,229) (260,228) (259,229) (260,230) (259,231) (258,231) (257,231) (256,231) (255,231) 
cluster62edge:(262,287) (263,287) 
cluster63edge:(267,76) (268,77) (267,78) (268,78) (269,77) (270,77) (271,76) (270,75) (269,75) (268,76) 
cluster64edge:(273,31) (274,32) (275,33) (276,32) (275,31) (274,30) 
cluster65edge:(273,233) (274,233) (275,233) (274,232) 
cluster66edge:(275,13) (276,13) (277,14) (276,15) (275,15) (276,16) (277,16) (278,15) (279,16) (280,17) (281,17) (282,17) (283,18) (284,18) (285,18) (286,18) (287,19) (287,18) (287,17) (286,16) (285,15) (284,15) (283,14) (282,14) (281,14) (280,13) (279,12) (278,13) (277,12) (276,12) 
cluster67edge:(282,150) (283,150) 
