cluster1edge:(0,84) (299,83) (298,83) (297,83) (297,84) (298,85) (299,86) (0,86) (1,87) (2,88) (3,88) (4,88) (5,87) (4,86) (4,85) (3,86) (2,85) (2,84) (1,85) 
cluster2edge:(0,105) (299,105) (298,105) (297,106) (296,106) (295,106) (294,106) (293,106) (292,107) (291,108) (290,109) (289,108) (288,107) (287,106) (286,106) (285,105) (284,106) (283,106) (282,105) (281,106) (280,105) (279,106) (278,105) (277,105) (276,105) (275,105) (274,104) (273,105) (272,104) (271,105) (270,106) (269,106) (268,107) (267,108) (267,109) (267,110) (267,111) (267,112) (267,113) (268,114) (269,114) (270,114) (271,114) (272,114) (273,113) (274,113) (275,113) (276,113) (277,113) (278,113) (279,112) (280,113) (281,112) (282,113) (283,113) (284,113) (285,113) (286,113) (287,113) (288,113) (289,112) (290,111) (291,110) (292,111) (292,112) (293,113) (293,112) (293,111) (294,110) (295,111) (295,112) (295,113) (296,113) (296,112) (297,111) (298,111) (299,110) (0,111) (0,110) (1,109) (2,109) (3,109) (4,109) (3,108) (4,107) (3,106) (2,106) (1,105) 
cluster3edge:(0,118) (0,119) (299,120) (298,119) (297,120) (296,119) (295,120) (296,121) (297,121) (298,121) (299,122) (298,123) (297,124) (296,124) (295,124) (294,124) (293,124) (294,125) (293,126) (292,126) (291,127) (290,127) (290,128) (291,128) (292,129) (291,130) (290,130) (289,130) (288,131) (287,131) (286,132) (285,132) (284,133) (284,134) (285,135) (284,136) (285,137) (286,138) (287,139) (288,140) (289,141) (290,141) (291,141) (292,142) (293,142) (294,142) (295,143) (296,142) (297,143) (298,142) (299,143) (0,144) (1,143) (2,144) (3,144) (4,145) (5,146) (6,147) (7,147) (8,148) (9,149) (10,148) (11,149) (12,148) (12,147) (12,146) (12,145) (12,144) (13,143) (13,142) (13,141) (14,140) (13,139) (14,138) (15,137) (14,137) (13,136) (14,135) (15,135) (15,134) (16,133) (15,133) (14,132) (14,131) (14,130) (15,129) (16,129) (17,129) (16,128) (16,127) (17,126) (18,125) (17,124) (16,124) (15,123) (16,122) (17,122) (18,122) (19,122) (20,122) (21,122) (20,121) (19,120) (18,119) (19,118) (20,118) (21,118) (20,117) (19,117) (18,116) (17,116) (16,116) (15,115) (15,114) (14,114) (13,113) (12,112) (11,112) (10,112) (9,112) (8,112) (7,112) (6,113) (5,113) (4,114) (3,115) (2,114) (1,115) (1,116) (1,117) 
cluster4edge:(0,281) 
cluster5edge:(0,285) (299,285) 
cluster6edge:(1,283) (2,283) 
cluster7edge:(1,286) (2,286) 
cluster8edge:(6,85) (7,85) 
cluster9edge:(12,107) (13,108) (14,109) (15,109) (16,109) (17,110) (17,111) (18,111) (19,112) (20,112) (21,112) (22,112) (23,113) (22,114) (23,114) (24,113) (25,112) (25,111) (26,110) (26,109) (26,108) (25,107) (24,106) (24,105) (23,104) (22,105) (21,104) (20,103) (19,103) (18,103) (17,102) (16,103) (15,104) (15,105) (15,106) (14,107) (13,107) 
cluster10edge:(22,181) (23,181) 
cluster11edge:(25,63) (26,64) (27,64) (28,63) (27,63) (26,63) 
cluster12edge:(26,70) (26,71) (27,72) (28,73) (29,73) (30,74) (31,74) (32,74) (33,73) (34,73) (34,72) (34,71) (34,70) (33,69) (32,69) (31,69) (30,69) (29,69) (28,69) (27,69) 
cluster13edge:(27,40) (28,40) 
cluster14edge:(34,220) (34,221) (35,222) (34,223) (35,224) (36,225) (37,225) (38,225) (39,226) (40,225) (41,225) (42,225) (43,225) (44,225) (45,225) (46,224) (47,224) (48,224) (49,223) (50,224) (51,223) (52,224) (53,224) (54,224) (54,223) (55,222) (54,221) (55,220) (54,219) (55,218) (56,218) (57,218) (58,218) (59,218) (60,218) (61,219) (60,220) (61,220) (62,220) (63,221) (64,220) (63,219) (64,218) (65,218) (65,217) (65,216) (65,215) (64,214) (64,213) (63,212) (62,212) (61,212) (61,213) (60,214) (61,214) (62,215) (61,216) (60,217) (59,217) (58,217) (57,217) (56,217) (55,217) (54,216) (53,216) (52,215) (53,214) (52,214) (51,214) (50,214) (49,214) (48,215) (47,215) (46,216) (45,217) (44,217) (43,218) (42,218) (41,218) (40,218) (39,218) (38,218) (37,218) (36,218) (35,218) (35,219) 
cluster15edge:(45,34) (45,35) (46,35) (47,35) (48,36) (47,37) (48,37) (49,38) (50,37) (51,38) (51,37) (51,36) (50,35) (49,34) (48,33) (47,32) (46,33) 
cluster16edge:(48,160) (48,161) (48,162) (48,163) (48,164) (48,165) (48,166) (49,167) (50,168) (50,169) (51,168) (52,169) (53,168) (54,169) (55,168) (56,168) (57,167) (58,166) (59,166) (60,166) (59,165) (60,164) (61,164) (62,164) (62,163) (63,162) (63,161) (64,160) (65,160) (66,160) (66,159) (65,158) (64,157) (63,157) (62,157) (61,156) (60,156) (59,156) (58,156) (57,156) (56,156) (55,156) (54,156) (53,156) (52,156) (51,156) (50,157) (49,158) (49,159) 
cluster17edge:(51,81) (51,82) (52,83) (51,84) (51,85) (52,86) (53,87) (54,88) (55,89) (56,90) (57,90) (58,90) (59,91) (60,92) (61,93) (62,93) (63,94) (64,95) (65,94) (64,94) (63,93) (64,92) (63,92) (62,91) (63,90) (62,89) (61,88) (62,87) (61,87) (60,86) (59,86) (58,85) (57,85) (56,85) (55,84) (56,83) (57,83) (58,83) (57,82) (56,81) (55,80) (54,79) (54,78) (53,79) (52,80) 
cluster18edge:(56,226) (57,227) (58,227) (59,228) (60,228) (61,228) (62,227) (61,227) (60,227) (59,226) (58,226) (57,226) 
cluster19edge:(57,175) (58,176) (57,177) (58,178) (58,179) (59,180) (60,180) (61,181) (62,181) (63,181) (64,182) (65,182) (66,182) (67,182) (68,182) (69,182) (70,183) (71,183) (72,184) (73,185) (74,184) (75,185) (76,186) (77,187) (78,188) (78,189) (79,189) (80,189) (81,189) (80,188) (81,187) (82,186) (83,186) (82,185) (83,184) (84,184) (85,184) (86,184) (85,183) (85,182) (85,181) (84,182) (83,181) (82,180) (82,179) (81,180) (80,179) (80,178) (79,177) (78,176) (78,175) (78,174) (77,173) (77,172) (77,171) (76,170) (77,169) (76,168) (77,167) (76,166) (76,165) (75,164) (74,164) (73,163) (72,163) (71,164) (70,164) (69,164) (69,165) (68,166) (67,166) (67,167) (66,168) (65,169) (64,169) (63,170) (64,171) (63,172) (62,173) (61,173) (60,173) (59,173) (58,173) (59,174) (58,175) 
cluster20edge:(60,135) (61,135) 
cluster21edge:(68,85) (69,85) 
cluster22edge:(72,211) (73,211) 
cluster23edge:(78,91) (78,92) (79,92) 
cluster24edge:(83,280) (84,281) (83,282) (83,283) (83,284) (83,285) (84,286) (84,287) (85,287) (86,288) (87,288) (88,287) (89,286) (90,286) (91,285) (92,285) (93,284) (93,283) (92,284) (91,284) (90,284) (89,285) (88,285) (87,285) (86,284) (86,283) (87,282) (86,281) (85,280) (84,280) 
cluster25edge:(88,126) (89,126) 
cluster26edge:(90,279) (90,280) 
cluster27edge:(102,253) (103,254) (102,255) (102,256) (103,257) (104,258) (105,259) (106,260) (107,260) (108,260) (109,261) (110,261) (111,261) (112,261) (111,260) (112,259) (111,258) (112,257) (111,257) (110,257) (109,257) (108,257) (107,256) (108,255) (108,254) (108,253) (107,252) (106,252) (105,252) (104,252) (103,253) 
cluster28edge:(112,139) (113,140) (114,141) (115,142) (116,143) (117,143) (118,143) (119,142) (120,141) (119,140) (118,140) (117,139) (116,140) (115,140) (114,139) (113,139) 
cluster29edge:(113,253) (114,253) (115,254) (115,255) (116,255) (117,256) (116,257) (117,257) (118,258) (117,259) (118,260) (119,260) (120,260) (121,260) (122,260) (123,259) (122,258) (123,257) (122,256) (121,255) (120,254) (119,254) (118,253) (117,253) (116,253) (115,253) (114,252) 
cluster30edge:(123,126) (124,127) (123,128) (123,129) (123,130) (123,131) (123,132) (124,133) (125,134) (126,135) (127,135) (128,135) (129,135) (130,135) (129,134) (130,133) (129,132) (130,131) (131,131) (132,131) (133,131) (134,131) (133,130) (133,129) (134,128) (135,127) (134,127) (133,126) (134,125) (135,125) (135,124) (134,123) (134,122) (133,123) (132,122) (131,123) (130,122) (129,123) (128,122) (127,123) (126,123) (125,124) (124,125) 
cluster31edge:(135,138) (136,138) (137,139) (137,140) (137,141) (138,142) (139,143) (140,142) (141,143) (142,142) (143,143) (144,142) (145,141) (145,140) (146,139) (147,138) (146,137) (147,136) (146,135) (145,134) (144,133) (143,133) (142,133) (141,133) (140,133) (139,133) (138,133) (139,134) (138,135) (139,136) (138,137) (137,137) (136,137) 
cluster32edge:(150,95) (151,96) (150,97) (150,98) (150,99) (151,100) (151,101) (151,102) (151,103) (152,104) (152,105) (153,105) (154,105) (155,105) (156,105) (157,105) (156,104) (156,103) (157,102) (156,102) (155,102) (154,101) (155,100) (156,100) (157,100) (158,99) (159,98) (158,98) (157,97) (158,96) (158,95) (157,94) (156,94) (155,94) (154,94) (153,94) (152,94) (151,95) 
cluster33edge:(156,234) (156,235) (156,236) (157,235) 
cluster34edge:(158,269) (159,270) (158,271) (159,272) (158,273) (159,274) (160,275) (161,276) (162,275) (163,276) (164,276) (163,275) (163,274) (164,273) (163,273) (162,273) (161,272) (162,271) (163,271) (163,270) (162,269) (161,270) (160,269) (159,269) 
cluster35edge:(160,107) (161,108) (160,109) (160,110) (161,109) (162,110) (163,109) (164,110) (165,110) (166,110) (167,109) (168,109) (169,108) (170,107) (170,106) (170,105) (170,104) (170,103) (169,102) (168,102) (167,102) (166,102) (165,102) (164,102) (163,103) (163,104) (162,105) (163,106) (162,107) (161,107) 
cluster36edge:(166,100) (167,100) 
cluster37edge:(179,176) (180,176) 
cluster38edge:(180,124) (180,125) (181,126) (182,127) (183,128) (183,127) (184,126) (185,126) (184,125) (184,124) (185,123) (186,123) (187,123) (188,123) (189,123) (190,123) (191,124) (191,125) (190,126) (189,126) (188,126) (187,126) (186,126) (187,127) (186,128) (185,128) (184,129) (185,129) (186,129) (187,129) (188,128) (189,129) (190,128) (191,127) (192,126) (193,127) (194,126) (194,125) (193,124) (194,123) (193,122) (192,121) (191,120) (190,120) (189,119) (188,119) (187,119) (188,120) (187,121) (186,121) (185,121) (184,121) (184,122) (183,123) (182,123) (181,123) 
cluster39edge:(181,177) (182,178) (183,177) (182,176) 
cluster40edge:(220,159) (221,160) (220,161) (221,162) (222,163) (223,164) (224,165) (225,166) (225,167) (226,167) (227,167) (228,167) (229,167) (230,168) (230,169) (231,169) (232,169) (233,169) (234,170) (235,171) (236,170) (237,169) (236,169) (235,168) (234,169) (233,168) (232,167) (232,166) (231,165) (230,164) (230,163) (229,162) (228,161) (227,161) (226,160) (226,159) (226,158) (225,157) (224,157) (223,157) (222,158) (221,158) 
cluster41edge:(221,173) (222,173) 
cluster42edge:(223,182) (224,182) (225,182) (226,183) (225,184) (226,185) (226,186) (227,187) (228,186) (229,187) (230,186) (231,187) (232,186) (233,185) (234,186) (235,185) (236,184) (237,183) (238,183) (239,182) (240,181) (241,180) (242,179) (243,178) (242,177) (241,177) (240,176) (239,177) (238,176) (237,176) (236,177) (235,178) (234,177) (233,177) (233,178) (232,179) (231,179) (230,179) (229,179) (228,180) (227,180) (226,181) (225,181) (224,181) 
cluster43edge:(228,82) (228,83) (228,84) (228,85) (229,86) (230,87) (230,86) (230,85) (231,84) (232,84) (233,84) (234,84) (235,83) (234,82) (233,81) (233,80) (232,80) (231,79) (230,80) (229,80) (229,81) 
cluster44edge:(236,91) (237,92) (238,91) (237,90) 
cluster45edge:(250,77) (250,78) (250,79) (251,80) (251,81) (252,82) (253,83) (254,82) (255,83) (256,82) (257,83) (258,82) (259,81) (260,82) (261,81) (262,80) (263,79) (263,78) (264,77) (265,76) (264,75) (263,75) (262,75) (261,74) (260,74) (259,73) (258,73) (257,73) (256,73) (255,73) (255,74) (256,75) (255,76) (254,76) (253,76) (252,76) (251,76) 
cluster46edge:(259,68) (260,69) (261,69) (262,70) (263,69) (263,68) (262,67) (261,67) (260,67) 
cluster47edge:(271,119) (272,120) (271,121) (272,122) (271,123) (272,124) (272,125) (272,126) (273,127) (272,128) (273,129) (273,130) (274,131) (275,132) (276,133) (277,133) (278,132) (279,131) (279,130) (279,129) (280,128) (281,128) (282,128) (283,128) (283,127) (284,126) (285,126) (284,125) (285,124) (286,124) (285,123) (284,123) (283,122) (284,121) (285,121) (286,121) (287,121) (288,121) (289,121) (290,120) (291,120) (292,119) (293,118) (293,117) (292,117) (291,117) (290,117) (289,117) (288,117) (287,117) (286,117) (285,118) (284,118) (283,118) (282,118) (281,119) (280,118) (279,119) (278,118) (277,118) (276,118) (275,118) (274,118) (273,118) (272,118) 
cluster48edge:(281,239) (281,240) (282,241) (281,242) (281,243) (282,242) (283,241) (283,240) (283,239) (282,240) 
cluster49edge:(282,78) (283,79) (284,78) (283,77) 
