cluster1edge:(0,108) (0,109) (0,110) (0,111) (0,112) (1,113) (1,114) (1,115) (1,116) (2,116) (3,116) (4,116) (5,116) (6,115) (7,115) (8,115) (9,116) (10,116) (11,116) (12,116) (13,116) (14,116) (15,116) (16,115) (17,114) (16,114) (15,114) (14,113) (15,112) (16,112) (15,111) (15,110) (14,109) (14,108) (15,107) (14,106) (13,105) (12,104) (11,104) (10,104) (9,104) (8,104) (7,103) (8,102) (9,102) (10,101) (9,101) (8,101) (7,100) (8,99) (7,99) (6,99) (5,98) (4,97) (4,98) (4,99) (5,99) (6,100) (5,101) (4,101) (5,102) (4,103) (3,103) (2,103) (1,103) (2,104) (2,105) (1,106) (1,107) 
cluster2edge:(0,233) (299,232) (298,233) (297,232) (296,233) (297,234) (298,234) (299,235) (0,235) (0,234) (1,233) (2,233) (1,232) 
cluster3edge:(2,236) (3,236) 
cluster4edge:(3,122) (4,123) (5,123) (6,124) (7,125) (8,126) (9,127) (8,128) (9,129) (9,130) (10,131) (10,132) (11,133) (12,134) (13,135) (14,136) (14,137) (15,138) (16,139) (17,140) (17,141) (18,142) (19,143) (20,144) (21,144) (22,145) (23,146) (24,147) (25,146) (26,145) (27,146) (28,145) (29,144) (28,143) (28,142) (27,142) (26,141) (27,140) (28,140) (29,140) (30,140) (29,139) (30,138) (29,138) (28,138) (27,137) (28,136) (27,136) (26,136) (25,136) (24,135) (25,134) (26,134) (25,133) (24,132) (25,131) (24,130) (24,129) (23,128) (22,127) (23,126) (23,125) (22,124) (21,123) (20,122) (19,121) (18,121) (17,121) (16,121) (15,121) (14,121) (13,121) (12,121) (11,121) (10,121) (9,121) (8,121) (7,121) (6,121) (5,121) (4,121) 
cluster5edge:(5,236) (5,237) (6,238) (6,237) 
cluster6edge:(7,221) (8,222) (8,223) (9,224) (10,225) (11,224) (12,224) (12,223) (12,222) (11,221) (10,221) (9,220) (8,220) 
cluster7edge:(24,68) (25,69) (26,70) (25,71) (26,72) (27,73) (28,73) (29,74) (30,74) (31,75) (32,75) (33,75) (34,75) (35,75) (36,75) (37,75) (38,75) (39,75) (40,74) (41,73) (40,72) (39,71) (38,70) (39,69) (38,68) (37,67) (36,68) (35,68) (34,68) (33,68) (32,68) (31,68) (30,67) (29,67) (28,67) (27,67) (26,67) (25,67) 
cluster8edge:(30,275) (31,276) (31,277) (32,277) (33,277) (34,277) (35,277) (35,276) (34,275) (33,275) (32,275) (31,275) 
cluster9edge:(32,190) (33,190) 
cluster10edge:(34,116) (35,116) 
cluster11edge:(37,102) (38,103) (38,102) (38,101) 
cluster12edge:(37,118) (38,118) 
cluster13edge:(40,106) (40,107) (41,108) (42,109) (43,108) (44,107) (45,106) (45,105) (45,104) (45,103) (44,103) (43,103) (42,103) (42,104) (41,105) 
cluster14edge:(41,160) (42,161) (43,161) (44,162) (43,163) (44,163) (45,164) (44,165) (45,165) (46,165) (47,165) (48,164) (49,163) (49,162) (49,161) (49,160) (48,160) (47,159) (46,159) (45,159) (44,159) (43,159) (42,160) 
cluster15edge:(42,169) (43,169) (44,169) (45,169) (46,170) (45,171) (44,171) (43,171) (43,172) (44,173) (44,174) (45,173) (46,174) (47,173) (48,174) (49,173) (50,172) (49,171) (50,170) (49,169) (48,168) (47,168) (46,168) (45,168) (44,168) (43,168) 
cluster16edge:(43,33) (43,34) (44,35) (45,36) (46,35) (47,36) (48,36) (48,35) (49,34) (48,33) (48,32) (47,31) (46,32) (45,32) (44,32) 
cluster17edge:(59,204) (60,205) (61,206) (62,206) (63,207) (64,206) (63,205) (64,204) (63,203) (62,203) (61,203) (60,203) 
cluster18edge:(59,240) (60,241) (59,242) (60,243) (60,244) (61,245) (62,244) (63,243) (64,243) (64,242) (64,241) (65,240) (64,240) (63,239) (62,238) (61,239) (60,239) 
cluster19edge:(66,88) (67,89) (67,90) (68,91) (69,92) (70,93) (71,94) (71,95) (72,96) (73,96) (74,96) (75,96) (76,96) (76,95) (75,94) (74,93) (75,92) (74,92) (73,92) (72,92) (71,91) (70,91) (69,90) (70,89) (69,89) (68,89) (67,88) 
cluster20edge:(66,146) (66,147) 
cluster21edge:(67,245) (67,246) (68,247) (69,247) (70,248) (71,249) (72,248) (73,249) (74,248) (75,249) (75,248) (76,247) (76,246) (75,245) (74,244) (73,244) (72,243) (71,243) (70,244) (69,244) (68,245) 
cluster22edge:(74,38) (75,39) (74,40) (75,41) (76,41) (77,40) (78,40) (79,39) (80,39) (81,39) (82,38) (82,37) (83,36) (84,36) (84,35) (83,34) (82,34) (81,33) (80,33) (79,32) (78,33) (77,34) (76,35) (76,36) (75,37) 
cluster23edge:(77,42) (78,42) 
cluster24edge:(77,88) (78,89) (79,89) (80,88) (79,88) (78,87) 
cluster25edge:(86,46) (87,47) (88,48) (89,49) (90,50) (91,50) (92,50) (93,50) (94,50) (95,51) (96,51) (97,52) (98,53) (99,54) (100,55) (101,55) (102,56) (101,57) (102,58) (103,59) (102,60) (103,61) (102,62) (103,63) (103,64) (103,65) (104,66) (104,67) (105,68) (106,69) (105,70) (106,70) (107,71) (108,72) (109,72) (110,72) (111,72) (112,73) (113,72) (114,71) (115,71) (116,71) (117,71) (118,71) (118,70) (118,69) (119,68) (120,67) (121,67) (120,66) (121,65) (122,65) (121,64) (120,64) (119,63) (119,62) (118,62) (117,62) (116,61) (115,60) (116,59) (117,58) (118,57) (117,57) (116,57) (115,57) (114,56) (115,55) (116,55) (116,54) (115,53) (114,53) (113,52) (112,52) (111,51) (112,50) (112,49) (111,48) (110,47) (109,46) (110,45) (109,44) (108,43) (107,42) (108,41) (107,40) (106,41) (105,40) (104,40) (103,40) (102,40) (101,40) (100,40) (99,40) (98,40) (97,40) (96,40) (95,39) (96,38) (95,38) (94,38) (93,39) (92,39) (91,39) (91,40) (92,41) (91,42) (90,42) (89,42) (88,42) (87,42) (88,43) (89,43) (90,44) (89,45) (88,45) (87,45) 
cluster26edge:(90,190) (90,191) (91,192) (92,193) (91,194) (92,194) (93,195) (94,195) (95,195) (96,195) (97,195) (98,194) (99,194) (99,193) (98,193) (97,192) (97,191) (96,192) (95,191) (94,190) (93,191) (92,192) (91,191) 
cluster27edge:(90,216) (91,216) (92,217) (93,218) (94,219) (95,218) (94,217) (93,216) (92,215) (92,214) (91,215) 
cluster28edge:(94,206) (95,207) (96,208) (97,209) (98,209) (99,209) (100,210) (101,211) (102,212) (103,211) (104,212) (105,211) (106,210) (107,209) (108,208) (109,207) (110,206) (110,205) (110,204) (111,203) (110,202) (111,201) (111,200) (110,199) (109,198) (108,197) (107,197) (106,197) (105,197) (104,197) (103,197) (102,198) (101,198) (100,199) (99,199) (98,200) (97,200) (97,201) (97,202) (98,203) (97,204) (98,204) (99,204) (100,205) (99,206) (98,206) (97,206) (96,206) (95,206) 
cluster29edge:(117,78) (118,79) (119,80) (120,81) (121,80) (122,81) (123,82) (124,81) (125,81) (126,81) (127,81) (128,81) (129,80) (130,79) (131,78) (132,77) (132,76) (131,76) (130,75) (131,74) (132,74) (131,73) (130,73) (129,73) (128,73) (127,73) (126,73) (125,72) (125,71) (124,71) (123,71) (122,71) (123,72) (122,73) (121,74) (121,75) (120,76) (119,76) (118,77) 
cluster30edge:(122,31) (123,31) (124,32) (125,31) (126,31) (127,30) (128,29) (128,28) (129,27) (128,26) (128,25) (127,26) (126,25) (125,26) (124,27) (123,27) (123,28) (123,29) (123,30) 
cluster31edge:(124,183) (125,184) (124,185) (125,185) (126,185) (127,186) (127,187) (128,186) (129,187) (130,186) (131,187) (132,186) (131,185) (132,184) (131,183) (130,183) (129,182) (128,182) (127,182) (126,181) (125,182) 
cluster32edge:(136,188) (137,189) (137,190) (138,191) (138,192) (139,193) (140,194) (140,195) (141,196) (141,197) (142,198) (143,199) (144,200) (145,201) (146,202) (147,203) (148,204) (148,205) (149,206) (150,207) (151,208) (152,209) (153,209) (152,208) (153,207) (154,207) (153,206) (154,205) (155,205) (154,204) (155,203) (154,203) (153,203) (152,202) (151,201) (152,200) (151,200) (150,199) (150,198) (151,197) (150,197) (149,196) (148,195) (147,194) (148,193) (149,193) (150,193) (149,192) (148,192) (147,192) (146,191) (146,190) (146,189) (145,188) (146,187) (145,187) (144,187) (143,186) (142,186) (141,185) (140,186) (139,185) (138,186) (137,187) 
cluster33edge:(137,286) (138,287) (139,286) (140,285) (139,284) (138,285) 
cluster34edge:(153,192) (154,193) (155,193) (156,193) (157,194) (156,195) (156,196) (156,197) (157,198) (157,199) (158,200) (158,201) (159,202) (160,203) (161,204) (161,205) (162,205) (163,206) (163,207) (164,207) (165,207) (166,208) (167,207) (167,206) (167,205) (168,204) (168,203) (169,202) (168,201) (167,200) (167,199) (166,199) (165,198) (164,197) (164,196) (163,195) (162,195) (161,194) (160,193) (159,192) (158,192) (157,191) (156,191) (155,192) (154,192) 
cluster35edge:(153,265) (154,265) 
cluster36edge:(156,225) (157,226) (158,227) (158,228) (159,229) (159,230) (160,231) (161,232) (162,232) (163,232) (164,232) (165,232) (165,231) (166,230) (167,230) (166,229) (166,228) (165,228) (164,228) (163,228) (162,228) (161,227) (162,226) (163,226) (164,225) (163,224) (162,224) (161,223) (160,223) (159,222) (158,223) (157,224) 
cluster37edge:(156,262) (157,262) 
cluster38edge:(158,263) (159,263) 
cluster39edge:(158,265) (158,266) (158,267) (159,267) (160,268) (161,267) (162,267) (161,266) (161,265) (160,266) (159,265) 
cluster40edge:(162,150) (162,151) (162,152) (163,153) (164,154) (165,153) (166,154) (167,153) (168,153) (167,152) (166,152) (165,151) (164,150) (163,149) 
cluster41edge:(163,220) (164,220) 
cluster42edge:(167,234) (168,234) 
cluster43edge:(170,160) (171,161) (172,162) (173,161) (173,160) (172,159) (171,159) 
cluster44edge:(170,294) (171,295) (172,296) (171,297) (172,298) (173,298) (174,298) (175,298) (176,298) (177,297) (178,296) (177,295) (176,294) (176,293) (177,292) (177,291) (176,292) (175,291) (174,292) (173,291) (172,292) (171,293) 
cluster45edge:(171,189) (171,190) (171,191) (171,192) (171,193) (171,194) (171,195) (172,196) (172,197) (173,198) (174,197) (175,198) (176,199) (177,200) (178,201) (179,200) (180,201) (181,202) (182,202) (183,203) (184,204) (184,205) (185,206) (186,206) (187,206) (188,205) (189,206) (190,205) (190,204) (189,204) (188,204) (187,204) (186,203) (187,202) (188,202) (189,202) (190,202) (190,201) (189,201) (188,201) (187,200) (186,200) (185,199) (185,198) (186,197) (187,197) (188,197) (189,196) (190,196) (189,195) (190,194) (189,194) (188,194) (187,194) (186,194) (185,194) (184,193) (185,192) (184,192) (183,192) (182,191) (183,190) (184,189) (185,189) (184,188) (185,187) (184,186) (183,185) (182,185) (181,185) (180,184) (180,183) (181,182) (182,181) (182,180) (183,179) (182,179) (181,178) (180,177) (181,176) (180,176) (179,176) (178,176) (177,175) (178,174) (177,174) (176,175) (175,176) (176,177) (175,178) (174,179) (174,180) (174,181) (173,182) (174,183) (173,184) (173,185) (173,186) (172,187) (172,188) 
cluster46edge:(174,260) (175,261) (175,262) (174,263) (175,263) (176,263) (177,264) (176,265) (175,265) (176,266) (177,266) (178,265) (179,266) (180,266) (181,267) (182,267) (183,268) (184,268) (185,269) (186,269) (187,270) (188,269) (189,269) (190,269) (191,269) (192,269) (193,270) (194,269) (195,270) (196,270) (197,270) (198,270) (199,271) (200,270) (201,270) (201,269) (202,268) (203,269) (204,268) (203,267) (202,266) (201,266) (200,266) (199,265) (198,265) (197,265) (196,264) (196,263) (195,262) (194,261) (194,260) (194,259) (193,258) (192,258) (191,257) (190,257) (189,258) (188,258) (187,258) (186,259) (185,259) (184,258) (183,259) (182,258) (181,259) (180,258) (179,258) (178,259) (177,258) (176,258) (175,259) 
cluster47edge:(178,42) (179,43) (178,44) (179,45) (180,46) (180,47) (181,48) (182,49) (183,50) (183,51) (184,51) (185,52) (186,53) (187,53) (188,54) (189,54) (190,55) (191,54) (192,54) (193,53) (193,52) (192,52) (191,51) (192,50) (193,50) (194,49) (195,48) (196,48) (197,48) (198,49) (197,50) (198,50) (199,50) (200,50) (201,50) (202,50) (203,50) (204,49) (205,49) (206,49) (207,49) (206,48) (205,48) (204,48) (203,47) (204,46) (205,46) (206,46) (207,46) (208,46) (209,46) (210,46) (211,45) (212,45) (213,44) (214,44) (215,44) (216,44) (215,43) (215,42) (216,41) (217,41) (216,40) (215,39) (215,38) (214,39) (213,38) (212,37) (211,38) (210,37) (209,37) (208,36) (207,35) (206,35) (205,34) (204,34) (203,34) (202,33) (201,33) (200,33) (199,33) (198,32) (197,33) (196,32) (195,33) (194,32) (193,33) (194,33) (195,34) (194,35) (195,35) (196,36) (195,37) (194,37) (193,37) (192,37) (191,37) (190,37) (189,37) (190,38) (191,38) (192,39) (192,40) (193,41) (193,42) (193,43) (194,43) (195,43) (196,44) (197,45) (198,45) (199,45) (200,46) (199,47) (198,47) (197,47) (196,47) (195,47) (194,48) (193,49) (192,49) (191,49) (190,48) (189,48) (188,47) (187,47) (186,47) (185,47) (184,46) (185,45) (186,45) (187,45) (186,44) (186,43) (185,42) (184,42) (183,41) (184,40) (185,40) (184,39) (185,38) (184,38) (183,39) (182,38) (181,39) (180,40) (179,41) 
cluster48edge:(184,228) (184,229) (185,230) (186,231) (187,231) (188,232) (189,232) (190,231) (191,232) (192,231) (193,232) (194,231) (195,230) (194,229) (193,228) (192,227) (191,227) (190,227) (189,227) (188,228) (187,228) (186,228) (185,228) 
cluster49edge:(189,212) (189,213) (189,214) (190,215) (189,216) (190,216) (191,217) (192,216) (193,215) (192,215) (191,215) (190,214) (191,213) (190,213) 
cluster50edge:(192,194) (193,194) 
cluster51edge:(194,278) (195,279) (194,280) (195,281) (196,282) (197,283) (198,282) (199,282) (200,281) (200,280) (199,280) (198,279) (199,278) (198,278) (197,278) (196,278) (195,277) 
cluster52edge:(202,57) (202,58) (202,59) (203,60) (204,61) (204,62) (205,62) (206,63) (205,64) (206,65) (207,64) (208,65) (209,66) (210,65) (211,66) (212,66) (213,66) (214,66) (215,66) (216,66) (217,65) (218,65) (218,64) (219,63) (220,64) (220,63) (221,62) (221,61) (222,60) (223,60) (224,60) (223,59) (224,58) (223,58) (222,58) (221,57) (220,57) (219,56) (220,55) (219,55) (218,55) (217,55) (216,55) (215,54) (216,53) (217,53) (218,53) (219,53) (220,53) (221,53) (222,53) (221,52) (220,51) (219,51) (218,51) (217,51) (216,51) (215,51) (214,50) (213,51) (212,51) (211,52) (210,52) (209,52) (209,53) (208,54) (207,54) (206,55) (205,55) (204,56) (203,57) 
cluster53edge:(202,229) (203,229) 
cluster54edge:(210,14) (211,15) (210,16) (211,17) (210,18) (210,19) (211,20) (212,21) (213,22) (212,23) (213,23) (214,24) (215,25) (216,26) (216,27) (217,28) (218,28) (219,28) (218,27) (219,26) (220,26) (219,25) (218,24) (219,23) (220,22) (221,21) (221,20) (220,19) (221,18) (222,17) (223,17) (222,16) (223,15) (222,15) (221,15) (220,14) (221,13) (221,12) (221,11) (220,11) (219,11) (218,10) (217,10) (216,11) (215,11) (214,11) (213,11) (213,12) (212,13) (211,14) 
cluster55edge:(210,290) (211,290) 
cluster56edge:(211,243) (212,244) (213,244) (214,245) (215,245) (216,244) (216,243) (216,242) (215,243) (214,243) (213,243) (212,242) 
cluster57edge:(213,99) (213,100) (213,101) (214,102) (215,103) (215,104) (216,104) (217,105) (217,106) (218,105) (219,106) (220,106) (221,106) (222,105) (223,106) (224,106) (225,106) (226,105) (225,105) (224,105) (223,104) (222,104) (221,104) (220,104) (219,104) (218,103) (219,102) (220,102) (221,102) (220,101) (221,100) (220,100) (219,99) (220,98) (221,98) (220,97) (219,97) (218,97) (217,96) (216,97) (215,97) (214,97) (214,98) 
cluster58edge:(221,28) (222,28) 
cluster59edge:(223,269) (223,270) (223,271) (224,271) (225,271) (226,271) (225,270) (224,270) 
cluster60edge:(225,108) (226,108) 
cluster61edge:(226,58) (227,59) (226,60) (227,60) (228,61) (228,62) (227,63) (228,63) (229,64) (229,65) (230,66) (230,67) (231,68) (232,69) (233,70) (234,70) (235,70) (236,70) (237,70) (238,70) (239,70) (240,69) (239,68) (240,67) (241,67) (242,67) (241,66) (242,65) (243,65) (244,65) (245,64) (245,63) (246,62) (245,62) (244,61) (245,60) (246,60) (247,60) (247,59) (247,58) (246,58) (245,58) (244,57) (243,57) (242,57) (241,57) (240,57) (239,57) (238,57) (237,57) (236,57) (235,57) (234,57) (233,57) (232,57) (231,57) (230,58) (229,58) (228,58) (227,58) 
cluster62edge:(226,175) (227,176) (226,177) (227,178) (228,179) (228,180) (229,181) (229,182) (230,183) (231,184) (232,184) (233,185) (234,185) (235,185) (236,184) (237,183) (237,182) (236,182) (235,182) (234,182) (233,181) (234,180) (235,179) (235,178) (234,177) (235,176) (234,176) (233,176) (232,175) (232,174) (232,173) (231,172) (231,171) (230,171) (229,170) (228,171) (227,172) (228,173) (227,174) 
cluster63edge:(226,273) (227,273) 
cluster64edge:(228,93) (228,94) 
cluster65edge:(230,93) (230,94) 
cluster66edge:(233,281) (234,281) 
cluster67edge:(233,290) (234,291) (235,292) (235,293) (236,293) (237,293) (238,293) (239,293) (240,293) (241,292) (242,291) (241,290) (240,289) (239,288) (239,287) (238,286) (237,286) (236,287) (235,287) (234,287) (234,288) (235,288) (236,289) (235,290) (234,290) 
cluster68edge:(236,145) (237,145) 
cluster69edge:(238,88) (239,89) (240,89) (241,89) (242,89) (243,89) (244,89) (245,89) (246,89) (247,89) (248,89) (249,89) (250,89) (251,89) (252,89) (253,89) (254,89) (255,88) (256,88) (257,88) (258,88) (257,87) (258,86) (259,86) (258,85) (259,84) (260,83) (261,83) (262,83) (263,83) (264,83) (264,82) (265,81) (265,80) (266,79) (267,79) (268,79) (269,79) (269,78) (270,77) (271,76) (270,76) (269,76) (268,76) (267,76) (266,77) (265,77) (264,77) (263,76) (262,76) (261,75) (261,74) (260,73) (259,74) (258,73) (257,72) (256,73) (255,72) (254,72) (253,72) (252,73) (251,72) (250,73) (249,72) (248,73) (247,74) (246,74) (245,74) (244,74) (243,74) (242,74) (243,75) (242,76) (243,76) (244,76) (245,76) (246,76) (247,77) (246,78) (245,78) (244,78) (243,79) (243,80) (242,81) (242,82) (241,83) (240,84) (240,85) (240,86) (239,87) 
cluster70edge:(239,93) (240,93) 
cluster71edge:(240,104) (240,105) (240,106) (241,107) (240,108) (241,109) (242,110) (243,111) (244,112) (245,112) (246,112) (247,112) (248,113) (249,114) (250,113) (251,114) (252,113) (253,113) (254,112) (255,112) (256,111) (257,111) (258,111) (259,110) (259,109) (260,108) (261,107) (260,106) (261,105) (260,104) (261,103) (260,102) (259,102) (258,101) (257,100) (256,101) (255,100) (254,100) (253,101) (252,101) (251,101) (250,102) (249,102) (250,103) (249,104) (248,104) (247,104) (246,104) (245,104) (244,104) (243,104) (242,104) (241,105) 
cluster72edge:(261,225) (261,226) 
cluster73edge:(261,228) (262,228) (263,228) (262,227) 
cluster74edge:(279,74) (279,75) (279,76) (280,75) (281,75) (282,75) (283,75) (284,75) (285,74) (286,74) (287,74) (287,73) (286,72) (287,71) (286,70) (285,70) (284,69) (283,70) (283,71) (282,72) (281,72) (280,73) 
cluster75edge:(286,101) (286,102) (286,103) (286,104) (286,105) (286,106) (286,107) (286,108) (286,109) (287,110) (287,111) (288,112) (289,112) (290,113) (291,113) (292,113) (293,114) (294,114) (295,113) (296,114) (297,113) (297,112) (297,111) (296,110) (296,109) (296,108) (297,107) (298,106) (298,105) (298,104) (298,103) (299,102) (299,101) (299,100) (298,99) (297,98) (296,98) (295,97) (294,96) (293,96) (292,96) (291,96) (291,97) (290,98) (289,97) (289,98) (288,99) (287,100) 
cluster76edge:(286,274) (287,274) 
